LineNum,RightTrunkZ,RightTrunkX,RightTrunkY,RightShankY,RightFootY,RightFootX,LeftTrunkZ,LeftTrunkX,LeftTrunkY,LeftShankY,LeftFootY,LeftFootX,RightArmY,RightArmX,RightForearmY,LeftArmY,LeftArmX,LeftForearmY
1,-0.000267822367179021,-0.0675386211138097,-0.537172468251241,1.09081905633113,-0.55364658807988,0.0675386211138164,-0.000267822367135895,0.0696386546698823,-0.537035066649476,1.09034611542869,-0.5533110487791,-0.0696386546698614,0.645669136635499,-0.642251058988606,-1.65035119998545,0.644883151533077,0.641837971413741,-1.64989267788044
2,-0.00026778366548936,-0.0675387978039445,-0.537169500189006,1.0908186967103,-0.553649196521282,0.067538797803951,-0.000267783665450601,0.0696384678829613,-0.537032125989908,1.09034583852976,-0.553313712539715,-0.0696384678829414,0.645670997839608,-0.642252324386643,-1.6503520284426,0.644885117466047,0.641839148794866,-1.6498936219945
3,-0.000267551192056498,-0.0675398173527914,-0.537152354325755,1.09081661921606,-0.553664264890294,0.067539817352799,-0.000267551192014103,0.0696373900002244,-0.53701513486843,1.09034423829307,-0.553329103424521,-0.0696373900002039,0.645681736908596,-0.642259615442957,-1.6503568113614,0.644896489194335,0.641845970606739,-1.64989907986204
4,-0.000267098300759508,-0.0675416484975133,-0.537121484352728,1.09081287745632,-0.55369139310359,0.0675416484975214,-0.000267098300714158,0.0696354538063368,-0.536984529751426,1.09034135342151,-0.553356823669948,-0.0696354538063143,0.64570102257426,-0.642272669621913,-1.65036541128237,0.644917020617145,0.641858331210251,-1.64990892127955
5,-0.000266487270776215,-0.0675440314076741,-0.537081264768738,1.09080799861176,-0.553726733843012,0.0675440314076823,-0.000266487270739022,0.069632934025859,-0.536944646787548,1.09033758945551,-0.553392942667836,-0.0696329340258383,0.645726118513998,-0.642289632884289,-1.65037660838954,0.644943804755538,0.641874483262172,-1.64992175189527
6,-0.000265779501480752,-0.0675467443683227,-0.537035446019344,1.09080243508387,-0.553766989064523,0.0675467443683284,-0.000265779501442277,0.0696300651481397,-0.536899206749192,1.09033329506652,-0.553434088317219,-0.0696300651481224,0.645754690279088,-0.642308932676057,-1.65038935955931,0.644974335978767,0.641892910420544,-1.64993637282006
7,-0.000265022864500176,-0.0675496146179959,-0.536986950953855,1.09079654024483,-0.553809589290972,0.0675496146180026,-0.000265022864460679,0.0696270298877208,-0.536851109384336,1.09032874280956,-0.553477633425091,-0.0696270298877026,0.645784918766721,-0.642329343534217,-1.65040285199524,0.645006661717122,0.641912430925317,-1.64995184986434
8,-0.00026425397422012,-0.0675525107025747,-0.536938004431724,1.09079058396417,-0.553852579532438,0.0675525107025829,-0.000264253974179887,0.069623967272378,-0.536802562054888,1.09032414107266,-0.553521579017637,-0.069623967272353,0.645815419734803,-0.642349933053493,-1.65041646720997,0.645039295598072,0.641932144854079,-1.64996747202105
9,-0.000263500232674745,-0.0675553346307887,-0.536890265629052,1.0907847683433,-0.553894502714249,0.0675553346307969,-0.000263500232630085,0.0696209809388585,-0.536755210943649,1.09031964613771,-0.55356443519395,-0.0696209809388339,0.645845161224235,-0.642370006143155,-1.65042974414808,0.64507112920426,0.641951380898892,-1.64998270918173
10,-0.000262781638355188,-0.0675580152901367,-0.536844939250457,1.09077924088148,-0.553934301631022,0.0675580152901435,-0.000262781638308549,0.069618146096511,-0.536710251376688,1.09031537226291,-0.553605120886105,-0.0696181460964909,0.645873394261857,-0.642389058359274,-1.65044234820736,0.645101357735292,0.641969651421584,-1.64999717654295
11,-0.000262112272838546,-0.0675605030159751,-0.536802867245174,1.09077410532162,-0.553971238076436,0.0675605030159807,-0.000262112272799059,0.0696155152712606,-0.536668518803587,1.09031139998487,-0.553642881181182,-0.0696155152712419,0.645899595701472,-0.642406737406844,-1.6504540456872,0.645129418707138,0.641986615399568,-1.65001060525243
12,-0.000261501523399549,-0.067562765131327,-0.536764604140858,1.090769430573,-0.554004826432135,0.067562765131334,-0.00026150152336547,0.069613123022879,-0.536630563527695,1.09030778295247,-0.553677219424667,-0.0696131230228584,0.645923421279943,-0.642422811522142,-1.6504646828039,0.645154941601701,0.642002047987062,-1.65002281830029
13,-0.000260955084798481,-0.0675647822945387,-0.536730478747924,1.0907652580459,-0.554034779297969,0.0675647822945448,-0.000260955084758192,0.069610989807841,-0.53659671191678,1.09030455355127,-0.553707841634364,-0.0696109898078224,0.645944667172885,-0.642437143577369,-1.65047416850712,0.645177706631363,0.642015815583235,-1.65003371077698
14,-0.000260475777787335,-0.0675665455178565,-0.536700644545868,1.09076160767065,-0.554060963124774,0.067566545517864,-0.000260475777751154,0.0696091251325365,-0.536567116386982,1.09030172752686,-0.55373461113975,-0.0696091251325173,0.645963238609526,-0.642449669937654,-1.65048246045366,0.645197611073469,0.64202785547356,-1.65004323375801
15,-0.000260064215531451,-0.06756805374245,-0.53667512068249,1.09075848282376,-0.554083362141264,0.0675680537424561,-0.00026006421549092,0.0696075301179577,-0.536541796075352,1.09029930777623,-0.553757511700754,-0.0696075301179401,0.645979124341624,-0.642460383259066,-1.65048955359929,0.645214641882641,0.642038159263697,-1.65005138119624
16,-0.000259719344096158,-0.0675693118740763,-0.536653825199172,1.0907558743453,-0.554102049146123,0.0675693118740839,-0.00025971934405931,0.0696061995771718,-0.536520669801056,1.09029728744611,-0.553776617644933,-0.0696061995771504,0.645992375959823,-0.642469318550488,-1.65049547095821,0.64522885350144,0.642046759454475,-1.6500581793043
17,-0.000259438878724794,-0.0675703291995353,-0.536636601828346,1.09075376380015,-0.554117161971804,0.0675703291995427,-0.000259438878684533,0.0696051236900454,-0.536503582650401,1.09029565245373,-0.553792069803207,-0.069605123690025,0.646003091216787,-0.642476541933722,-1.65050025615404,0.64524034996815,0.64205371861384,-1.65006367799494
18,-0.000259219654127314,-0.0675711181171511,-0.53662324148633,1.09075212611074,-0.554128884624401,0.0675711181171578,-0.000259219654088593,0.0696042893458525,-0.536490327299794,1.09029438352606,-0.553804056226149,-0.0696042893458306,0.646011400655936,-0.642482141630047,-1.65050396744829,0.645249270569727,0.64205912069187,-1.65006794401899
19,-0.000259057903917726,-0.0675716931257524,-0.536613499398167,1.09075093166813,-0.554137432269959,0.0675716931257603,-0.000259057903880853,0.0696036812124751,-0.536480661005594,1.09029345783851,-0.55381279683278,-0.0696036812124512,0.646017456961238,-0.642486220780045,-1.650506672985,0.645255778413177,0.642063064100621,-1.65007105550034
20,-0.000258949481812635,-0.0675720700258729,-0.536607108634175,1.09075014801107,-0.55414303937689,0.0675720700258792,-0.000258949481776284,0.0696032825811774,-0.536474319034312,1.0902928503207,-0.553818531286263,-0.0696032825811583,0.646021426541315,-0.642488891768953,-1.65050844703354,0.645260051393429,0.642065656243396,-1.65007309761782
21,-0.000258890035125075,-0.0675722652946603,-0.536603790707504,1.09074974114821,-0.554145950440697,0.0675722652946663,-0.000258890035084884,0.0696030760276458,-0.53647102517718,1.09029253468691,-0.553821509509608,-0.0696030760276286,0.64602348294303,-0.642490271785166,-1.65050936704869,0.645262275123582,0.642067009231424,-1.65007415922599
22,-0.000258875139253653,-0.0675722956025744,-0.536603263771922,1.09074967658678,-0.554146412814859,0.0675722956025818,-0.000258875139207963,0.0696030439231006,-0.536470499883976,1.09029248423909,-0.553821984355012,-0.0696030439230821,0.646023801758278,-0.642490479385359,-1.65050951139748,0.645262637466941,0.642067236569962,-1.65007433024224
23,-0.00025890040044042,-0.0675721774453465,-0.536605248867515,1.09074992012072,-0.554144671253201,0.0675721774453546,-0.000258900400396331,0.0696031688234944,-0.536472466460173,1.09029267248318,-0.55382020602287,-0.0696031688234715,0.646022556744995,-0.642489631878376,-1.65050895762827,0.645261324371623,0.642066450632943,-1.65007369965662
24,-0.000258961532818816,-0.0675719268692497,-0.536609474585227,1.09075043842242,-0.554140963837196,0.067571926869257,-0.000258961532776643,0.0696034337600478,-0.536476655695445,1.09029307359277,-0.553816417897208,-0.0696034337600282,0.646019916931329,-0.642487843372168,-1.65050778117859,0.645258516759951,0.642064760776414,-1.65007235404615
25,-0.000259054414689664,-0.0675715592715484,-0.536615680456863,1.09075119947546,-0.554135519018589,0.067571559271555,-0.00025905441464929,0.0696038224502727,-0.536482809227617,1.09029366274878,-0.553810853521033,-0.0696038224502542,0.646016044512027,-0.642485223355063,-1.65050605443658,0.645254388267882,0.642062271966801,-1.65007037649535
26,-0.00025917512814722,-0.0675710892611766,-0.536623619324074,1.09075217287898,-0.554128553554896,0.0675710892611825,-0.000259175128104961,0.0696043194452983,-0.536490681893599,1.09029441637885,-0.55380373448513,-0.0696043194452787,0.646011093379383,-0.642481875705208,-1.65050384608567,0.645249103665315,0.642059083821798,-1.65006784584224
27,-0.000259319985453571,-0.067570530567307,-0.536633058894459,1.0907533300495,-0.554120271155038,0.0675705305673148,-0.000259319985411976,0.0696049102265704,-0.536500043273832,1.09029531231658,-0.553795269042638,-0.0696049102265512,0.646005208159076,-0.642477898040572,-1.65050122067443,0.64524281781825,0.642055289979544,-1.65006483618316
28,-0.000259485544908864,-0.0675698959857163,-0.536643782656396,1.09075464434137,-0.554110861684972,0.0675698959857232,-0.000259485544866107,0.0696055812625641,-0.536510678600425,1.09029632989705,-0.553785651296499,-0.0696055812625452,0.645998523644314,-0.64247338133772,-1.65049823836417,0.645235675078453,0.64205097772697,-1.65006141658193
29,-0.000259668618537354,-0.0675691973546488,-0.536655590292832,1.09075609110344,-0.554100500810597,0.067569197354655,-0.000259668618491865,0.0696063200343125,-0.536522389168171,1.09029745000225,-0.553775060833945,-0.0696063200342924,0.645991164541145,-0.642468409760606,-1.65049495481534,0.64522780900711,0.642046227830698,-1.65005765093847
30,-0.000259866273410334,-0.0675684455534552,-0.536668297708512,1.09075764768631,-0.554089349977783,0.0675684455534623,-0.000259866273370677,0.069607115036846,-0.536534992361995,1.09029865506779,-0.553763662705668,-0.0696071150368267,0.645983245453638,-0.642463060651169,-1.65049142118091,0.645219342356077,0.642041114524118,-1.6500535979805
31,-0.000260075828143162,-0.0675676505184981,-0.536681736763805,1.090759293412,-0.554077556648189,0.0675676505185047,-0.000260075828103775,0.0696079557623825,-0.536548321393254,1.09029992906003,-0.553751607666657,-0.0696079557623617,0.645974871051191,-0.642457404642835,-1.65048768418098,0.645210387244672,0.642035705613077,-1.65004931134855
32,-0.000260294845792841,-0.0675668212718685,-0.536695754790614,1.0907610095156,-0.554065254724973,0.0675668212718746,-0.000260294845752401,0.0696088326699515,-0.53656222481982,1.09030125743114,-0.553739032611195,-0.0696088326699301,0.645966136371004,-0.64245150586521,-1.65048378623766,0.645201045481705,0.642030062669708,-1.65004483975037
33,-0.00026052112413623,-0.0675659659593563,-0.536710213951242,1.09076277906665,-0.554052565115407,0.067565965959363,-0.000260521124098198,0.0696097371452571,-0.536576565910287,1.09030262705831,-0.553726061147892,-0.0696097371452373,0.645957127218041,-0.642445422214594,-1.65047976565353,0.645191408992276,0.642024241289947,-1.65004022716531
34,-0.000260752684130895,-0.0675650918947989,-0.536724990488515,1.0907645868765,-0.554039596387981,0.0675650918948054,-0.000260752684091621,0.0696106614537688,-0.536591221900295,1.09030402617174,-0.553712804271328,-0.0696106614537519,0.645947920632246,-0.642439205669722,-1.65047565681992,0.645181560316908,0.642018291394795,-1.65003551308322
35,-0.00026098775719831,-0.0675642056085199,-0.536739973906406,1.0907664193966,-0.554026445490187,0.0675642056085261,-0.000260987757164245,0.0696115986895161,-0.536606083179849,1.09030544427565,-0.553699361095685,-0.0696115986894947,0.64593858539898,-0.642432902636786,-1.65047149044467,0.645171573157209,0.642012257560083,-1.65003073276561
36,-0.000261224771797399,-0.0675633128980796,-0.536755066111203,1.09076826461167,-0.554013198500453,0.0675633128980868,-0.000261224771757869,0.0696125427214097,-0.536621052441479,1.09030687206513,-0.553685819623536,-0.0696125427213898,0.645929182583722,-0.642426554310685,-1.65046729379057,0.645161512947768,0.642006179362071,-1.6500259175192
37,-0.000261462339717393,-0.067562418879922,-0.536770180537367,1.09077011193081,-0.55399993139344,0.0675624188799293,-0.000261462339675887,0.069613488138636,-0.536636043813177,1.09030830134135,-0.553672257528054,-0.0696134881386175,0.645919766076303,-0.642420197042739,-1.65046309091814,0.645151437438368,0.642000091729434,-1.65002109497451
38,-0.000261699242367725,-0.0675615280408387,-0.536785241276116,1.09077195207885,-0.553986710802732,0.0675615280408458,-0.000261699242327737,0.0696144301962377,-0.536650981994047,1.09030972492696,-0.5536587429328,-0.0696144301962161,0.645910383133224,-0.642413862706959,-1.65045890292749,0.64514139727435,0.641994025294141,-1.65001628936336
39,-0.000261934417301723,-0.0675606442884401,-0.536800182221043,1.09077377698984,-0.553973594768797,0.0675606442884472,-0.000261934417263712,0.0696153647617349,-0.536665801406796,1.09031113658318,-0.553645335176276,-0.0696153647617153,0.645901074909482,-0.642407579059338,-1.65045474819564,0.645131436565809,0.641988006735704,-1.65001152179124
40,-0.000262166945139332,-0.0675597710000262,-0.536814946240599,1.0907755797039,-0.553960633463293,0.067559771000034,-0.000262166945093933,0.0696162882634575,-0.536680445376912,1.09031253092946,-0.553632085552432,-0.0696162882634365,0.645891876973528,-0.642401370085606,-1.65045064260615,0.645121593438838,0.641982059114514,-1.65000681050089
41,-0.000262396037016503,-0.0675589110694164,-0.536829484385215,1.09077735426843,-0.553947869883208,0.0675589110694235,-0.000262396036971891,0.0696171976410159,-0.536694865346145,1.09031390336656,-0.553619038020274,-0.0696171976409958,0.645882819800715,-0.642395256334481,-1.65044659976931,0.645111900563802,0.641976202191386,-1.65000217112501
42,-0.000262621022640592,-0.0675580669514471,-0.536843755133816,1.09077909564434,-0.553935340510519,0.0675580669514539,-0.000262621022601889,0.0696180902982491,-0.536709020125099,1.09031525000354,-0.553606229878328,-0.0696180902982294,0.645873929242178,-0.642389255234274,-1.65044263123131,0.645102385657374,0.641970452731172,-1.64999761692638
43,-0.000262841339022886,-0.067557240703943,-0.536857723683179,1.09078079961766,-0.553923075934468,0.0675572407039507,-0.000262841338978613,0.0696189640588444,-0.536722875188303,1.09031656758904,-0.553593692400608,-0.0696189640588207,0.6458652269671,-0.64238338139153,-1.65043874667157,0.645093071956082,0.641964824789202,-1.64999315902433
44,-0.000263056519889401,-0.0675564340270758,-0.536871361281756,1.09078246271674,-0.553911101434981,0.0675564340270828,-0.000263056519849356,0.0696198171247126,-0.536736402013374,1.09031785344681,-0.553581451433305,-0.0696198171246931,0.645856730877283,-0.642377646870939,-1.6504349540877,0.645083978660273,0.641959329979811,-1.64998880660713
45,-0.000263266185814838,-0.0675556483000272,-0.536884644608533,1.09078408213521,-0.553899437526669,0.0675556483000347,-0.000263266185773726,0.069620648037221,-0.536749577464886,1.09031910541582,-0.553569527950817,-0.0696206480371989,0.645848455493671,-0.642372061456215,-1.65043125996796,0.645075121348039,0.641953977726683,-1.64998456712994
46,-0.000263470035050258,-0.0675548846150486,-0.536897555196937,1.09078565566057,-0.553888100463621,0.0675548846150549,-0.000263470035008853,0.0696214556411692,-0.536762383222885,1.09032032179476,-0.553557938571749,-0.0696214556411507,0.645840412314947,-0.642366632892275,-1.65042766945132,0.645066512359281,0.641948775495199,-1.64998044649853
47,-0.000263667835060368,-0.0675541438088866,-0.536910078902505,1.09078718160829,-0.55387710270578,0.0675541438088934,-0.000263667835018579,0.0696222390515704,-0.536774805254851,1.09032150129083,-0.553546696035869,-0.0696222390515476,0.645832610148802,-0.642361367108786,-1.65042418647525,0.645058161150496,0.641943729007,-1.64997644923905
48,-0.000263859414711513,-0.0675534264917275,-0.536922205413141,1.09078865876131,-0.553866453348172,0.0675534264917351,-0.000263859414675934,0.0696229976230262,-0.536786833329871,1.09032264297275,-0.55353580964276,-0.0696229976230038,0.645825055416753,-0.642356268425902,-1.65042081391176,0.645050074621271,0.641938842437448,-1.64997257865408
49,-0.000264044657119405,-0.0675527330737191,-0.536933927800153,1.0907900863146,-0.553856158514435,0.0675527330737255,-0.00026404465708046,0.0696237309216912,-0.536798460573291,1.09032374622772,-0.553525285654307,-0.0696237309216722,0.645817752433581,-0.642351339742878,-1.65041755369212,0.645042257413597,0.641934118596653,-1.64996883696594
50,-0.000264223493120872,-0.0675520637892051,-0.536945242108147,1.09079146382462,-0.553846221716465,0.0675520637892109,-0.000264223493076146,0.0696244386996448,-0.536809683059909,1.09032481072223,-0.553515127662192,-0.0696244386996242,0.645810703662673,-0.642346582710425,-1.65041440692084,0.645034712185375,0.641929559094957,-1.6499652254475
51,-0.000264395895297005,-0.0675514187187997,-0.536956146981365,1.09079279116338,-0.553836644182012,0.0675514187188067,-0.000264395895253158,0.0696251208715388,-0.536820499443297,1.09032583636639,-0.553505336922986,-0.0696251208715184,0.645803909948538,-0.642341997887563,-1.65041137397943,0.645027439859508,0.641925164493513,-1.64996174454131
52,-0.000264561872560412,-0.0675507978094423,-0.536966643324498,1.0907940684767,-0.553827425152197,0.0675507978094501,-0.000264561872517489,0.0696257774933982,-0.53683091061935,1.09032682328162,-0.553495912662146,-0.0696257774933769,0.645797370727972,-0.642337584884115,-1.65040845462067,0.645020439850103,0.641920934441078,-1.64995839396783
53,-0.000264721465264638,-0.0675502008925342,-0.536976733995758,1.09079529614663,-0.553818562150861,0.0675502008925418,-0.000264721465227458,0.0696264087434364,-0.536840919421821,1.09032777177147,-0.553486852349531,-0.0696264087434158,0.645791084221198,-0.642333342489735,-1.65040564805395,0.645013710267227,0.641916867797917,-1.64995517282345
54,-0.000264874740767901,-0.067549627700325,-0.536986423529592,1.09079647475741,-0.553810051227812,0.0675496277003313,-0.000264874740726135,0.0696270149047303,-0.536850530347267,1.09032868229535,-0.553478151947955,-0.0696270149047105,0.645785047604435,-0.642329268790265,-1.65040295302227,0.64500724810179,0.641912962747525,-1.64995207966891
55,-0.000265021789449352,-0.0675490778806543,-0.536995717887253,1.09079760506502,-0.553801887177766,0.067549077880662,-0.000265021789412675,0.0696275963496227,-0.536859749307615,1.09032955544488,-0.553469806137133,-0.0696275963496004,0.645779257165216,-0.642325361272555,-1.65040036787164,0.645001049391946,0.6419092168973,-1.64994911260888
56,-0.0002651627211181,-0.0675485510102045,-0.537004624232916,1.09079868796985,-0.553794063736928,0.0675485510102108,-0.00026516272107451,0.0696281535257165,-0.536868583408078,1.09033039192276,-0.553461808514579,-0.0696281535256971,0.645773708441805,-0.642321616918519,-1.65039789061327,0.644995109372472,0.64190562736887,-1.64994626936354
57,-0.000265297661821876,-0.0675480466063264,-0.537013150733207,1.09079972449218,-0.553786573758968,0.0675480466063345,-0.000265297661781228,0.0696286869433643,-0.536877040748304,1.09033119252389,-0.553454151775458,-0.0696286869433416,0.645768396348005,-0.642318032289283,-1.65039551897934,0.644989422608466,0.641902190878909,-1.64994354733244
58,-0.000265426750973298,-0.0675475641376378,-0.537021306378475,1.09080071575054,-0.553779409372061,0.0675475641376452,-0.000265426750933436,0.0696291971644562,-0.536885130245074,1.09033195811852,-0.55344682787332,-0.0696291971644344,0.645763315284485,-0.642314603600345,-1.65039325047269,0.644983983114659,0.64189890381133,-1.64994094365172
59,-0.000265550138807144,-0.0675471030334119,-0.537029100823584,1.09080166294226,-0.55377256211867,0.0675471030334188,-0.000265550138764949,0.0696296847925012,-0.536892861474377,1.09033268963731,-0.553439828162806,-0.0696296847924813,0.645758459237879,-0.642311326788334,-1.65039108241107,0.644978784461583,0.641895762281419,-1.6499384552448
60,-0.000265667984122429,-0.0675466626919279,-0.537036544246922,1.09080256732641,-0.553766023079491,0.0675466626919347,-0.000265667984079352,0.0696301504637826,-0.536900244531555,1.09033338805816,-0.553433143526491,-0.0696301504637624,0.645753821868641,-0.642308197570314,-1.65038901196638,0.644973819869702,0.641892762192799,-1.64993607886751
61,-0.000265780452276089,-0.0675462424878486,-0.537043647225636,1.09080343020871,-0.553759782983061,0.067546242487855,-0.000265780452233056,0.0696305948395692,-0.536907289907539,1.09033405439452,-0.553426764486854,-0.0696305948395493,0.64574939658871,-0.642305211496118,-1.65038703619938,0.644969082292663,0.641889899287729,-1.64993381114788
62,-0.000265887713429272,-0.0675458417787111,-0.537050420625935,1.09080425292821,-0.553753832302275,0.0675458417787192,-0.000265887713385411,0.0696310185992382,-0.536914008380032,1.09033468968519,-0.553420681305038,-0.0696310185992202,0.645745176629903,-0.642302363994531,-1.65038515209021,0.644964564490559,0.641887169191453,-1.64993164862129
63,-0.000265990475602101,-0.0675454574556303,-0.537056875679202,1.09080503738945,-0.553748161710232,0.0675454574556375,-0.000265990475561592,0.0696314248885682,-0.536920410735367,1.09033529442256,-0.55341488368708,-0.0696314248885494,0.645741155827914,-0.642299649836844,-1.65038335734815,0.644960258368736,0.641884568024934,-1.64992958697656
64,-0.000266092695521364,-0.0675450720449431,-0.537063024712899,1.09080578868811,-0.553742763975205,0.0675450720449495,-0.000266092695478873,0.0696318312144649,-0.536926506823137,1.09033586581719,-0.55340935899394,-0.0696318312144463,0.645737332370917,-0.642297060629415,-1.65038165428095,0.644956151330022,0.641882094967803,-1.64992761722919
65,-0.000266204846615914,-0.0675446413118958,-0.537068881844242,1.09080651784605,-0.553737636001797,0.0675446413119025,-0.000266204846572557,0.0696322818375967,-0.536932304667707,1.09033639495136,-0.553404090283543,-0.0696322818375782,0.645733713382367,-0.642294583132693,-1.65038005400457,0.64495222177742,0.641879753984648,-1.64992572154637
66,-0.000266346585409169,-0.0675440845055506,-0.537074463503091,1.0908072439623,-0.553732780459207,0.0675440845055573,-0.000266346585372909,0.069632857524573,-0.536937809780998,1.09033686453885,-0.553399054757721,-0.0696328575245544,0.645730318677611,-0.642292198141089,-1.6503785797967,0.644948435431888,0.641877554985659,-1.64992386992414
67,-0.000266548787238979,-0.0675432769199533,-0.537079788823918,1.09080799585256,-0.553728207028632,0.0675432769199596,-0.000266548787198991,0.0696336829845028,-0.53694302463252,1.09033724721567,-0.55339422258303,-0.0696336829844827,0.645727183636275,-0.642289879636474,-1.65037726965688,0.644944742524546,0.64187551470878,-1.64992201765432
68,-0.000266855087702189,-0.0675420442700253,-0.537084879936023,1.09080881328719,-0.553723933351159,0.0675420442700315,-0.000266855087660902,0.0696349324913017,-0.536947948243338,1.09033750424636,-0.553389556002912,-0.0696349324912849,0.645724361381001,-0.642287594155368,-1.65037617824465,0.644941075673612,0.641873657383718,-1.64992010340991
69,-0.000267323045808445,-0.0675401584482668,-0.537089762177299,1.09080974792328,-0.553719985745963,0.067540158448273,-0.00026732304576906,0.0696368341255001,-0.536952575874571,1.09033758454571,-0.553385008670999,-0.0696368341254804,0.645721924424194,-0.642285300313353,-1.65037537834297,0.644937348284958,0.64187201523387,-1.64991804780169
70,-0.000268025025679079,-0.0675373343039348,-0.537094464251962,1.0908108640085,-0.553716399756531,0.0675373343039416,-0.000268025025639324,0.069639672993668,-0.536956898785952,1.09033742393272,-0.553380525146648,-0.0696396729936501,0.645719965918037,-0.642282948442598,-1.6503749619694,0.644933453341744,0.64187062886048,-1.64991575228402
71,-0.000269048876294987,-0.0675332271502544,-0.537099018348182,1.09081223892026,-0.553713220572072,0.0675332271502599,-0.000269048876250201,0.0696437937197231,-0.536960904043559,1.09033694454761,-0.553376040503929,-0.0696437937197062,0.645718600618784,-0.642280480305531,-1.65037504123513,0.644929262472624,0.641869547545052,-1.64991309830908
72,-0.000270498474563799,-0.0675274307581522,-0.537103460229121,1.09081396359155,-0.55371050336243,0.0675274307581589,-0.000270498474526034,0.0696496024494059,-0.536964574359996,1.09033605437455,-0.553371480014434,-0.069649602449387,0.645717965656419,-0.642277828855125,-1.65037574903436,0.644924625207828,0.641868829500028,-1.64990994664791
73,-0.000272494185154933,-0.0675194756384676,-0.537107829306707,1.09081614286437,-0.553708313557658,0.0675194756384751,-0.000272494185111546,0.0696575685656909,-0.536967887951554,1.090334646822,-0.553366758870332,-0.0696575685656716,0.645718221184378,-0.642274918016467,-1.65037723963131,0.64491936834877,0.641868542091347,-1.64990613681
74,-0.000275173280978328,-0.0675088274502988,-0.537112168706288,1.09081889580354,-0.55370672709724,0.0675088274503054,-0.000275173280939104,0.0696682262772267,-0.5369708184002,1.09033260032033,-0.553361781920001,-0.0696682262772052,0.645719550970514,-0.642271662469613,-1.65037968920021,0.644913295390239,0.641868762052936,-1.64990148650659
75,-0.000278690360216155,-0.067494885402357,-0.537116525327387,1.09082235599639,-0.553705830668997,0.0674948854023646,-0.000278690360175065,0.0696821762125937,-0.536973334508975,1.09032977790245,-0.553356443393331,-0.0696821762125738,0.645722162979417,-0.642267967416484,-1.65038329636343,0.644906185945169,0.641869575708786,-1.64989579111201
76,-0.000283217789393656,-0.067476980538033,-0.537120949904439,1.09082667185797,-0.553705721953529,0.0674769805380396,-0.000283217789355153,0.0697000871293058,-0.536975400140966,1.0903260267378,-0.55335062659671,-0.0697000871292864,0.645726289987166,-0.642263728317754,-1.65038828276472,0.644897795130867,0.641871079215492,-1.64988882308556
77,-0.000288946196755063,-0.0674543738141583,-0.537125497069935,1.09083200695644,-0.553706509886502,0.0674543738141652,-0.000288946196713676,0.0697226978271727,-0.536976974033059,1.09032117759404,-0.553344203560852,-0.069722697827152,0.64573219026224,-0.642258830587921,-1.65039489370822,0.64488785288295,0.641873378835769,-1.64988033132345
78,-0.000296085035899376,-0.0674262538992464,-0.537130225420543,1.09083854036872,-0.553708314948175,0.0674262538992537,-0.000296085035858724,0.0697508193397669,-0.536978009575741,1.0903150442032,-0.553337034627326,-0.0697508193397438,0.645740148340302,-0.642253149238256,-1.65040339888785,0.644876063168947,0.641876591250991,-1.64987004041504
79,-0.000304863236238804,-0.0673917346295796,-0.537135197586087,1.09084646707309,-0.553711269486997,0.0673917346295852,-0.000304863236197313,0.0697853374650596,-0.536978454551118,1.09030742251114,-0.553328967959913,-0.06978533746504,0.645750475915677,-0.642246548459019,-1.650414093228,0.644862103078376,0.641880843919427,-1.64985764978216
80,-0.000315529954040245,-0.0673498520718373,-0.537140480299637,1.09085599838156,-0.553715518081919,0.0673498520718436,-0.000315529954003673,0.0698272156859354,-0.536978250821023,1.09029808979048,-0.553319838969333,-0.0698272156859155,0.645763512868475,-0.64223888113323,-1.65042729785225,0.644845621769865,0.641886275485251,-1.64984283268403
81,-0.00032835543550192,-0.0672995611493255,-0.537146144465939,1.09086736241197,-0.553721217946031,0.0672995611493318,-0.000328355435462342,0.0698774985227872,-0.536977333957032,1.0902868035974,-0.553309469640245,-0.06987749852277,0.645779628442935,-0.642229988275055,-1.65044336119437,0.644826239258971,0.641893036242044,-1.64982523507234
82,-0.000343632001508861,-0.0672397317956388,-0.537152265224175,1.09088080459648,-0.553728539372304,0.0672397317956455,-0.000343632001466161,0.0699373153535194,-0.536975632803886,1.09027330055312,-0.553297667749116,-0.0699373153534991,0.645799222589937,-0.642219698386552,-1.65046266026305,0.644803545032826,0.641901288653586,-1.64980447428419
83,-0.000361675162129712,-0.0671691446054166,-0.537158921999705,1.09089658822013,-0.553737666220422,0.0671691446054232,-0.000361675162085006,0.0700078847303283,-0.536973068967196,1.09025729492998,-0.55328422596267,-0.0700078847303094,0.645822727484416,-0.642207826726899,-1.65048560206997,0.644777096479863,0.64191120793352,-1.64978013756175
84,-0.00038282486756843,-0.0670864859567889,-0.537166198537906,1.09091499497979,-0.553748796441871,0.0670864859567954,-0.000382824867531605,0.0700905192175408,-0.536969556215379,1.09023847702148,-0.553268920805965,-0.0700905192175217,0.645850609226277,-0.642194174488432,-1.65051262522894,0.644746417124541,0.641922982684475,-1.64975178038949
85,-0.000407446901054481,-0.066990342584697,-0.53717418291199,1.09093632555052,-0.553762142638525,0.0669903425847049,-0.000407446901009978,0.0701866307700084,-0.536964999785134,1.09021651127369,-0.553251511488429,-0.0701866307699884,0.645883369731683,-0.642178527874229,-1.65054420173197,0.644710994658631,0.641936815596365,-1.64971892464112
86,-0.000435934417966602,-0.0668791955887169,-0.537182967494197,1.09096090014215,-0.553777932647953,0.0668791955887236,-0.000435934417925039,0.0702977366668952,-0.536959295577824,1.0901910341541,-0.553231738576161,-0.0702977366668751,0.645921548819705,-0.642160657071768,-1.65058083890661,0.644670278762037,0.641952924202044,-1.64968105652975
87,-0.000468709634305804,-0.0667514138636374,-0.53719264887855,1.09098905902489,-0.553796410146333,0.0667514138636432,-0.000468709634268404,0.0704254660108605,-0.536952329233577,1.09016165173134,-0.553209322497635,-0.0704254660108429,0.645965726497517,-0.642140315117755,-1.65062308155713,0.64462367870775,0.641971541687869,-1.64963762435625
88,-0.000506225666205522,-0.0666052469463043,-0.537203327740319,1.09102116299758,-0.553817835257258,0.0666052469463104,-0.000506225666170315,0.0705715667970502,-0.536943975067446,1.09012793693672,-0.553183961869155,-0.0705715667970308,0.646016525445145,-0.642117236649027,-1.65067151429,0.644570560747018,0.641992917754616,-1.64958803605225
89,-0.000548968520633206,-0.0664388172782185,-0.537215108614839,1.09105759376663,-0.553842485151777,0.0664388172782258,-0.000548968520588398,0.0707379135500482,-0.53693409485032,1.09008942647564,-0.553155331625205,-0.0707379135500272,0.646074613698472,-0.64209113653467,-1.65072676402182,0.644510245273018,0.642017319522984,-1.64953165651612
90,-0.000597459235590851,-0.0662501118907499,-0.537228099575513,1.09109875419696,-0.553870654621436,0.0662501118907565,-0.000597459235547298,0.070926515519189,-0.536922536415338,1.0900456173534,-0.553123080937935,-0.0709265155191695,0.646140707526245,-0.642061708385102,-1.65078950266531,0.644442003763373,0.64204503247582,-1.64946780474252
91,-0.000652256165759805,-0.0660369735288027,-0.537242411786679,1.09114506838892,-0.553902656602236,0.0660369735288094,-0.000652256165715954,0.0711395254132332,-0.536909132067619,1.08999596297654,-0.55308683090879,-0.0711395254132137,0.646215574493442,-0.642028622933923,-1.65086044998537,0.644365055504977,0.642076361426657,-1.64939575074869
92,-0.000713957406694191,-0.0657970912400113,-0.537258158903562,1.09119698152614,-0.553938822622577,0.0657970912400192,-0.000713957406651196,0.071379248643731,-0.536893696772946,1.08993986878711,-0.55304617201404,-0.0713792486437134,0.646300036698966,-0.641991526289414,-1.65094037661318,0.644278564108029,0.642111631501502,-1.64931471230416
93,-0.000783203347181995,-0.0655279904703727,-0.537275456286565,1.09125495942959,-0.553979503143017,0.0655279904703791,-0.000783203347147594,0.0716481530320338,-0.536876026097981,1.08987668738317,-0.553000661285062,-0.0716481530320138,0.64639497417053,-0.641950038053435,-1.65103010720129,0.644181633820873,0.642151189117515,-1.64922385147504
94,-0.000860679334943556,-0.0652270227246183,-0.537294419992266,1.09131948774155,-0.554025067749278,0.0652270227246242,-0.000860679334908027,0.0719488789169734,-0.536855893871749,1.08980571307549,-0.552949819203617,-0.0719488789169554,0.646501328392967,-0.641903749306989,-1.65113052369653,0.644073305662732,0.642195402938004,-1.64912227099905
95,-0.00094711843539768,-0.0648913548711409,-0.537315165497229,1.09139107065016,-0.554075905152926,0.0648913548711468,-0.000947118435362396,0.0722842495781085,-0.536833049534617,1.08972617582639,-0.552893126291661,-0.0722842495780904,0.646620105938416,-0.64185222046354,-1.6512425686995,0.643952553398689,0.642244664778396,-1.64900901051461
96,-0.0010433042565601,-0.0645179581978504,-0.537337806105307,1.09147022905106,-0.554132422945753,0.0645179581978579,-0.00104330425652153,0.0726572818622387,-0.536807215138841,1.08963723451434,-0.552830019375397,-0.0726572818622201,0.646752382156914,-0.641794978994307,-1.65136724887066,0.643818279389986,0.642299390432573,-1.64888304267539
97,-0.00115007380480618,-0.0641035973582336,-0.537362450981126,1.09155749802586,-0.554195047044725,0.0641035973582399,-0.00115007380476411,0.073071196867323,-0.536778081960884,1.08953796946565,-0.552759887504645,-0.0730711968673031,0.64689930487419,-0.641731517032792,-1.65150563833094,0.643669310363725,0.642360020381782,-1.64874326919247
98,-0.00126831925696732,-0.0636448242992303,-0.537389202431769,1.09165342246987,-0.554264220038095,0.0636448242992379,-0.001268319256922,0.0735294255906556,-0.536745307080215,1.08942737537756,-0.552682068297219,-0.0735294255906359,0.64706209658347,-0.641661290034526,-1.65165888042864,0.643504394613285,0.642427019203058,-1.64858851843112
99,-0.00139898530502101,-0.0631379913953873,-0.537418151558075,1.09175854786225,-0.554340396304164,0.0631379913953943,-0.00139898530498341,0.0740355953314675,-0.53670851100905,1.08930435802895,-0.552595847019757,-0.0740355953314474,0.647242050561171,-0.641583719330796,-1.65182818324304,0.64332220522129,0.642500870902433,-1.64841754921554
100,-0.00154306524132022,-0.0625792661763385,-0.537449373581774,1.09187340997857,-0.554424036396794,0.062579266176346,-0.00154306524128023,0.0745935144477043,-0.536667274882671,1.08916773063056,-0.552500455747776,-0.0745935144476825,0.647440525064424,-0.641498193009922,-1.65201481416198,0.643121345130551,0.642582075683014,-1.64822905548411
101,-0.00170159801011507,-0.0619646417312237,-0.537482923019639,1.09199852471877,-0.554515601699127,0.0619646417312323,-0.00170159801007365,0.0752071613719704,-0.53662113687059,1.08901620832662,-0.552395071455906,-0.0752071613719452,0.647658938798728,-0.641404065693029,-1.65222009579874,0.642900350854811,0.64267114752802,-1.64802166950941
102,-0.00187566616977761,-0.0612899438929606,-0.537518828551625,1.09213437772707,-0.554615549175432,0.0612899438929678,-0.00187566616974336,0.0758806767782451,-0.536569587880045,1.08884840101744,-0.552278813137273,-0.075880676778224,0.647898767611333,-0.64130065783714,-1.65244540296838,0.642657694864764,0.64276861194097,-1.64779396395446
103,-0.00206639435194296,-0.0605508367669144,-0.537557087455704,1.09228141340075,-0.554724325945043,0.0605508367669221,-0.00206639435190302,0.0766183573309352,-0.536512066619376,1.08866280479692,-0.55215073817741,-0.0766183573309146,0.64816154183255,-0.641187254763973,-1.65269216019169,0.642391787222053,0.64287500362623,-1.64754445329133
104,-0.00227494781188813,-0.0597428281640668,-0.537597659491781,1.09244002290482,-0.554842363413027,0.0597428281640751,-0.00227494781184361,0.0774246494537796,-0.536447954099525,1.08845779231506,-0.552009838215423,-0.0774246494537608,0.648448843700385,-0.641063105628764,-1.65296183920072,0.642100977022544,0.64299086388387,-1.64727159510472
105,-0.00250253066328578,-0.0588612765052105,-0.537640460132498,1.09261053083715,-0.554970070704648,0.0588612765052177,-0.00250253066324805,0.0783041415517319,-0.536376567667202,1.08823160240438,-0.551855034737066,-0.0783041415517121,0.648762304303657,-0.640927422548167,-1.6532559559199,0.641783554213442,0.643116737497863,-1.64697379180643
106,-0.00275038337741055,-0.057901400824915,-0.537685353057267,1.09279318021904,-0.555107827161768,0.0579014008249234,-0.00275038337737015,0.0792615530601316,-0.536297154689676,1.08798232936454,-0.551685174674736,-0.0792615530601108,0.649103599463417,-0.640779380126952,-1.65357606638016,0.641437752368654,0.643253168890112,-1.64664939330753
107,-0.00301977909809846,-0.0568582956268111,-0.537732141852766,1.09298811552269,-0.555255973669918,0.0568582956268172,-0.00301977909805104,0.0803017185774454,-0.536208886053647,1.08770791238945,-0.551499026335688,-0.0803017185774293,0.649474443936105,-0.640618115655977,-1.65392376098752,0.641061753049813,0.643400697302314,-1.64629670123858
108,-0.00331201827840007,-0.0557269525290497,-0.537780560898841,1.09319536349622,-0.555414802597373,0.055726952529057,-0.00331201827835984,0.0814295651573666,-0.536110849700454,1.08740612575164,-0.55129527605105,-0.0814295651573488,0.649876583264153,-0.640442730300086,-1.65430065651197,0.64065369244764,0.643559850751616,-1.64591397537348
109,-0.00362842108147457,-0.0545022908964288,-0.53783026546911,1.09341481161402,-0.555584546144902,0.0545022908964364,-0.00362842108142919,0.0826500805878381,-0.536002044503399,1.08707457053942,-0.55107252603591,-0.0826500805878182,0.650311782518589,-0.640252291657266,-1.65470838508515,0.640211671092233,0.643731138485453,-1.6454994430038
110,-0.00397031690584915,-0.0531791999865535,-0.537880821144985,1.09364618407589,-0.555765362930903,0.0531791999865605,-0.00397031690581151,0.0839682701664201,-0.535881374905599,1.08671066898522,-0.5508292940795,-0.0839682701664029,0.650781811073141,-0.640045838151213,-1.65514857939618,0.63973376754396,0.643915041638185,-1.6450513121286
111,-0.00433903030183256,-0.0517525955035953,-0.537931692737267,1.09388901541878,-0.555957322681495,0.0517525955036018,-0.00433903030178758,0.0853890991319771,-0.535747646879833,1.08631166272749,-0.550564015847517,-0.0853890991319594,0.651288422431479,-0.639822385810153,-1.65562285316617,0.639218057117481,0.644112001775875,-1.64456778945784
112,-0.00473586256674342,-0.0502174932868987,-0.537982233062006,1.09414262209801,-0.556160389035993,0.0502174932869061,-0.00473586256669801,0.0869174180981299,-0.535599565895684,1.08587461656828,-0.550275050672465,-0.0869174180981101,0.651833328167939,-0.639580937954752,-1.65613277604455,0.63866263667994,0.644322407133189,-1.64404710419364
113,-0.00516206996236723,-0.0485690952942493,-0.538031672373885,1.09440607393474,-0.556374401560846,0.0485690952942563,-0.00516206996232477,0.0885578763890714,-0.53543573694836,1.08539642742456,-0.549960690476073,-0.0885578763890533,0.652418167282337,-0.639320496540898,-1.65667984447876,0.638065654311209,0.644546578067783,-1.64348753612767
114,-0.00561884384827093,-0.0468028647195974,-0.538079109837121,1.09467817018146,-0.556599060344333,0.0468028647196053,-0.00561884384822764,0.0903148464038805,-0.535254664771211,1.08487383278851,-0.549619168017187,-0.0903148464038599,0.653044478177011,-0.639040070187624,-1.65726545602792,0.637425336583391,0.644784756547407,-1.64288744053532
115,-0.00610729486965174,-0.0449145854924654,-0.53812350710132,1.09495742113538,-0.556833914034051,0.0449145854924726,-0.00610729486960601,0.0921923637547768,-0.535054754019233,1.08430341749236,-0.549248663473021,-0.0921923637547572,0.653713676357975,-0.638738680089387,-1.65789088908418,0.636740010337047,0.645037098430752,-1.642245267885
116,-0.0066284407353506,-0.0429004087889538,-0.538163683882833,1.09524203491216,-0.557078351029313,0.0429004087889605,-0.00662844073531001,0.0941940805672061,-0.534834309744268,1.08368161957533,-0.54884730983094,-0.0941940805671907,0.654427037262104,-0.638415364693002,-1.65855728722006,0.636008119574122,0.645303667736953,-1.64155957916856
117,-0.0071831968548767,-0.0407568892650093,-0.538198315513185,1.09552990901551,-0.557331593502322,0.0407568892650171,-0.00718319685484266,0.0963232292518414,-0.534591538466036,1.08300473611222,-0.548413197646047,-0.0963232292518193,0.655185683207193,-0.638069183522101,-1.65926564725417,0.635228238501479,0.645584432609062,-1.64082905779081
118,-0.0077723692177635,-0.0384810133001121,-0.538225932434474,1.09581862641815,-0.557592693983672,0.0384810133001198,-0.00777236921772058,0.0985825944801344,-0.534324550112135,1.08226892975884,-0.547944379646576,-0.0985825944801149,0.655990573621066,-0.637699220483789,-1.66001681027043,0.634399081598707,0.645879262721456,-1.64005251881285
119,-0.0083966490015872,-0.036070221140818,-0.538244921636377,1.09610545593877,-0.557860534302398,0.0360702211408201,-0.00839664900157705,0.100974491492579,-0.534031361067121,1.08147023666612,-0.54743887559899,-0.100974491492573,0.656842497847834,-0.637304586935365,-1.66081145495749,0.633519511439929,0.646187927931962,-1.63922891620965
120,-0.00905660848402676,-0.0335224244954237,-0.53825353004007,1.09638735675633,-0.558133826716262,0.033522424495426,-0.00905660848401741,0.103500749205536,-0.533709898542398,1.08060457632585,-0.546894677783456,-0.10350074920553,0.657742069952534,-0.63688442474568,-1.66165009274742,0.632588544874321,0.646510098017185,-1.63835734868848
121,-0.00975269790884472,-0.0308360208462692,-0.538249869842945,1.09666098694842,-0.558411117105477,0.0308360208462714,-0.00975269790883447,0.106162696865923,-0.533358006454941,1.07966776383628,-0.546309757381311,-0.106162696865919,0.658689725047969,-0.636437909549124,-1.66253306432644,0.631605358065232,0.646845343360716,-1.63743706451863
122,-0.010485243018159,-0.0280099055054981,-0.538231925844384,1.09692271597872,-0.55869079013434,0.0280099055054997,-0.0104852430181551,0.108961153242354,-0.532973452983154,1.07865552501342,-0.545682072030269,-0.10896115324235,0.659685716753414,-0.635964254358988,-1.66346053716919,0.630569290800018,0.647193136490145,-1.6364674657428
123,-0.0112544430158375,-0.0250434822364622,-0.53819756477794,1.09716864108938,-0.558971076311435,0.0250434822364633,-0.0112544430158299,0.111896417543477,-0.532553939951338,1.07756351472198,-0.545009574770651,-0.111896417543473,0.660730115466994,-0.635462713681202,-1.66443250381413,0.629479850408329,0.647552854379506,-1.635448112072
124,-0.0120603687712053,-0.0219366730886373,-0.538144546679874,1.09739460758072,-0.559250060900847,0.0219366730886384,-0.0120603687711946,0.114968261427038,-0.53209711418133,1.07638733875614,-0.544290224574827,-0.114968261427035,0.661822807193845,-0.63493258824668,-1.66544878065378,0.628336715563913,0.64792378145226,-1.63437872470851
125,-0.0129029611100734,-0.0186899279437079,-0.538070538326085,1.09759623298127,-0.559525694655171,0.0186899279437153,-0.0129029611100261,0.118175921611662,-0.531600580937274,1.07512257956295,-0.543521998625521,-0.118175921611644,0.662963492723634,-0.63437323046061,-1.66650900706085,0.627139740191035,0.648305113234174,-1.63325919029118
126,-0.0137820290727687,-0.0153042341390758,-0.537973128771323,1.09776893512721,-0.55979580635588,0.015304234139084,-0.013782029072716,0.121518092732605,-0.531061919579094,1.07376482606744,-0.542702906488225,-0.121518092732583,0.664151686994828,-0.633784050649135,-1.66761264471273,0.625888957649528,0.648695960617871,-1.63208956511453
127,-0.0146972480476644,-0.0117811264176546,-0.537849847023293,1.09790796418148,-0.560058117158182,0.0117811264176636,-0.014697248047612,0.124992920197702,-0.530478701528873,1.07230970782616,-0.541831006297167,-0.124992920197681,0.66538671852117,-0.633164524166152,-1.6687589770123,0.624584585330837,0.649095354711036,-1.63087007973379
128,-0.0156481577144961,-0.00812269734615256,-0.537698181881233,1.09800843862676,-0.560310256745515,0.00812269734616108,-0.0156481577144459,0.128597992903342,-0.529848510641784,1.07075293370164,-0.540904423059727,-0.128597992903321,0.666667728789645,-0.632514199406054,-1.66994710853566,0.623227029758995,0.649502252248415,-1.62960114403247
129,-0.016634159756041,-0.00433160824322594,-0.537515603961174,1.0980653852643,-0.560549781303123,0.00433160824323428,-0.0166341597559857,0.13233033576729,-0.529168966057754,1.06909033521222,-0.539921369154352,-0.132330335767271,0.667993671569809,-0.631832706748954,-1.67117596446657,0.621816892254232,0.649915541554998,-1.62828335279501
130,-0.017654515320057,-0.000411100561644027,-0.537299589918446,1.0980737832385,-0.560774193320046,0.00041110056165215,-0.0176545153200012,0.136186402127925,-0.528437747589798,1.06731791466478,-0.538880167074871,-0.136186402127905,0.66936331210356,-0.631119768444628,-1.67244429000558,0.620354975180979,0.650334049052829,-1.62691749179321
131,-0.0187083422370116,0.00363499242933686,-0.537047648860577,1.09802861208418,-0.560980963223588,-0.00363499242932955,-0.0187083422369634,0.140162066151682,-0.527652623678706,1.06543189811955,-0.537779274440714,-0.140162066151666,0.670775226172804,-0.630375209417441,-1.67375064976957,0.618842288765106,0.650756546308646,-1.62550454436009
132,-0.0197946120238837,0.00780223391672321,-0.536757350918495,1.09792490375759,-0.561167552839093,-0.0078022339167132,-0.0197946120238388,0.144252615485204,-0.52681148190832,1.06342879316123,-0.536617311252796,-0.144252615485185,0.672227799071833,-0.629598968945922,-1.67509342722573,0.61728005842575,0.651181757622539,-1.62404569838756
133,-0.0209121472706687,0.0120855745994986,-0.536426357746995,1.09775779848036,-0.561331440733348,-0.0120855745994916,-0.0209121472706158,0.148452746905549,-0.525912361502275,1.06130545015077,-0.535393088648349,-0.148452746905529,0.673719225245505,-0.62879111245642,-1.67647082498643,0.615669731762286,0.651608368624771,-1.62254235282302
134,-0.0220596211571623,0.016479354025229,-0.536052454151622,1.0975226036237,-0.561470149472069,-0.0164793540252211,-0.0220596211571018,0.152756572267278,-0.524953485992336,1.05905912287596,-0.534105636883498,-0.152756572267259,0.675247510857529,-0.627951841558271,-1.67788086824356,0.614012982667236,0.652035036893443,-1.62099612110615
135,-0.0232355575905447,0.0209773038279294,-0.535633580749674,1.09721485480984,-0.561581274060158,-0.020977303827922,-0.0232355575904929,0.157157626432532,-0.523933297360939,1.05668753167686,-0.532754234315802,-0.157157626432512,0.676810477321147,-0.627081505171409,-1.67932140883383,0.612311714565901,0.652460402084605,-1.6194088341371
136,-0.0244383309700624,0.0255725504773535,-0.535167867774324,1.09683037906173,-0.561662511287396,-0.0255725504773468,-0.0244383309700159,0.161648874800097,-0.522850492008457,1.05418893007959,-0.531338438071004,-0.16164887480008,0.678405764369207,-0.626180611410506,-1.68079012898108,0.610568064228848,0.652883095994563,-1.617782543759
137,-0.0256661657660056,0.0302576188074274,-0.5346536698047,1.09636535968593,-0.561711689881219,-0.0302576188074178,-0.0256661657659439,0.166222721634796,-0.521704058167116,1.05156217415694,-0.529858115989671,-0.166222721634772,0.680030832860557,-0.62524983966868,-1.68228454503104,0.608784405872616,0.653301752864629,-1.61611952635537
138,-0.0269171363239314,0.0350244379785926,-0.534089601018116,1.09581640230489,-0.561726801286763,-0.0350244379785858,-0.0269171363238729,0.170871020759761,-0.520493314176376,1.04880679336638,-0.528313479189907,-0.170871020759741,0.681682967825317,-0.624290052464841,-1.68380201165554,0.606963354911003,0.653715019995802,-1.61442228595677
139,-0.0281891673561885,0.0398643517083153,-0.533474570404086,1.09518060118174,-0.561706030777639,-0.0398643517083087,-0.0281891673561344,0.175585090331124,-0.519217946835809,1.04592306122832,-0.526705114392373,-0.175585090331103,0.683359282305875,-0.623302306519733,-1.6853397270525,0.605107770632538,0.654121568730924,-1.61269355616741
140,-0.0294800356498462,0.0447681348208433,-0.532807816194189,1.09445560465887,-0.561647788464672,-0.0447681348208348,-0.0294800356497878,0.18035573360618,-0.517878048812656,1.04291206373823,-0.525034014925443,-0.180355733606157,0.685056722626036,-0.622287862417632,-1.68689473973055,0.603220756968074,0.654520105843015,-1.61093630011816
141,-0.0307873736075469,0.0497260184517538,-0.532088938540081,1.0936396781498,-0.561550739609715,-0.0497260184517442,-0.0307873736074928,0.185173267871398,-0.516474153789162,1.03977576283054,-0.52330160904127,-0.185173267871377,0.686772075821587,-0.621248192077117,-1.68846395755188,0.601305660370701,0.654909385352865,-1.60915370752159
142,-0.0321086753499537,0.0547277266050644,-0.531317929207499,1.09273176267121,-0.561413833463708,-0.0547277266050561,-0.0321086753498943,0.190027564025478,-0.515007267678623,1.036517051507,-0.521509783828247,-0.190027564025458,0.688501980098738,-0.620184983095313,-1.69004415981771,0.599366063650754,0.655288220782142,-1.60734918773824
143,-0.0334413062496065,0.0597625272136453,-0.530495196740505,1.09173152636897,-0.56123632962846,-0.0597625272136343,-0.0334413062495505,0.194908099727292,-0.513478893809931,1.03313979638963,-0.519660902579573,-0.194908099727269,0.690242939357024,-0.619100138841684,-1.69163201332173,0.597405774386283,0.655655497831493,-1.6055263575598
144,-0.0347825169406128,0.0648193014116827,-0.529621585180041,1.0906394058659,-0.561017820685842,-0.0648193014116779,-0.0347825169405437,0.199804029532695,-0.511891049465886,1.02964886243467,-0.517757812968653,-0.199804029532673,0.691991343026895,-0.617995772956348,-1.69322409347257,0.595428806256664,0.656010187454762,-1.60368902216524
145,-0.0361294630608683,0.0698866354020947,-0.528698383988963,1.08945663353122,-0.560758249542249,-0.0698866354020876,-0.0361294630608131,0.204704276068445,-0.510246270552716,1.02605011332902,-0.51580384277621,-0.204704276068425,0.693743492734705,-0.616874196652748,-1.69481691180127,0.59343935131884,0.656351359280819,-1.60184114740838
146,-0.0374669967459188,0.0749587230644064,-0.527864970296348,1.08840237560374,-0.560537405307374,-0.0749587230644004,-0.0374656271602298,0.209667822046179,-0.509163703654346,1.0235341453256,-0.514370441671131,-0.20966782204616,0.695513416820067,-0.615865120231415,-1.69650835944351,0.591495312170856,0.656836723580305,-1.60009579135082
147,-0.0387891366249671,0.0800298857589299,-0.527252149379847,1.08768511612752,-0.560432966747671,-0.0800298857589174,-0.0387783481548247,0.214756225376636,-0.509234812224061,1.02323551757575,-0.51400070535156,-0.21475622537661,0.697322839124391,-0.61510626935242,-1.69839273187398,0.589641540774146,0.65759956770565,-1.59855732839284
148,-0.040103041342382,0.0850891579021715,-0.526849132038727,1.08729088424242,-0.560441752203685,-0.0850891579021616,-0.040067193289633,0.219962012421185,-0.510412699269336,1.02506170057358,-0.514649001304105,-0.219962012421163,0.699175083691466,-0.61460521215765,-1.7004602292923,0.587869418805306,0.658612012171404,-1.59721862191357
149,-0.0414089136928172,0.0901264458051934,-0.526646126616738,1.08720588975096,-0.560559763134208,-0.0901264458051849,-0.0413252640079539,0.225277190267763,-0.512641536570828,1.02890508987006,-0.516263553299101,-0.225277190267745,0.701064310861864,-0.614355137891581,-1.70269905559421,0.586182236813538,0.659862945372478,-1.59607567908711
150,-0.0427079060809368,0.0951317938904342,-0.526633229630361,1.08741679920726,-0.560783569576898,-0.0951317938904224,-0.0425470909844749,0.230693811496399,-0.515861233860292,1.03464910203035,-0.518787868169945,-0.230693811496375,0.702986924361452,-0.614352375888079,-1.70509815085885,0.584582007047444,0.661340054583876,-1.59512421152
151,-0.044001177301753,0.100095606186983,-0.526800612730652,1.08791068166435,-0.561110068933676,-0.10009560618698,-0.0437276804791792,0.236204116796345,-0.520008308941691,1.04217023917226,-0.522161930230434,-0.236204116796328,0.704940027931042,-0.614594085510972,-1.70764680692648,0.583070847065673,0.663031771880851,-1.59435993059904
152,-0.0452899686648863,0.105008695520792,-0.527138534068497,1.08867495810966,-0.561536424041149,-0.105008695520789,-0.0448625800349403,0.241800521708675,-0.525017004552372,1.05134026105201,-0.526323256499517,-0.241800521708663,0.706921408586356,-0.615078225934448,-1.71033464674883,0.581650733625765,0.664926994528639,-1.59377843991724
153,-0.0465755473555531,0.109862333381424,-0.527637368288653,1.08969734675462,-0.562059978465962,-0.109862333381415,-0.0459478114119934,0.247475607571813,-0.530820324984993,1.06202824865926,-0.531207923674139,-0.247475607571794,0.708929331540356,-0.615803257784765,-1.71315155537849,0.580323474581853,0.667015086073531,-1.59337518841944
154,-0.047859161124236,0.114648283536439,-0.52828762940274,1.09096580665656,-0.562678177253811,-0.114648283536431,-0.0469798148511044,0.253222101218779,-0.537350982310408,1.07410248851504,-0.536751506204499,-0.253222101218762,0.710962363931564,-0.616767889362946,-1.71608761757333,0.579090673948096,0.669285854146256,-1.59314542813283
155,-0.0491419926392061,0.119358824413124,-0.529079987852684,1.09246848087859,-0.563388493025898,-0.119358824413118,-0.0479553929994358,0.25903284760945,-0.544542220283208,1.08743212059242,-0.54288990030909,-0.259032847609429,0.713019211826487,-0.617970838164446,-1.71913305988818,0.577953712036074,0.671729534633606,-1.59308418208447
156,-0.0504251191587114,0.123986762157511,-0.530005280640384,1.0941936403183,-0.564188359677898,-0.123986762157506,-0.0488716601563067,0.264900776771847,-0.552328501238802,1.10188851969821,-0.549560018459282,-0.264900776771827,0.71509857940794,-0.619410616622121,-1.72227820050667,0.576913733380537,0.674336773260604,-1.59318622037317
157,-0.0517094796700552,0.128525436290027,-0.531054514398728,1.09612962908451,-0.565075114685767,-0.128525436290021,-0.0497259989856162,0.270818866421896,-0.56064605199664,1.11734640195508,-0.55670034995831,-0.270818866421879,0.717199053129195,-0.621085343723219,-1.72551340809754,0.575971639374727,0.67709860170527,-1.59344604319058
158,-0.0529958507758924,0.132968719582056,-0.532218861731414,1.09826481209497,-0.56604595036355,-0.132968719582047,-0.050516025975583,0.276780101381912,-0.569433273638168,1.13368466532906,-0.564251391690773,-0.276780101381889,0.719319011638433,-0.622992582686296,-1.72882907012128,0.575128082828112,0.680006406039027,-1.59385786948599
159,-0.0542848316550433,0.13731101356317,-0.533489651504489,1.10058752537795,-0.567097873873446,-0.137311013563164,-0.0512395659731446,0.282777430758732,-0.578631026205997,1.15078698534176,-0.572155959135627,-0.282777430758714,0.721456560438121,-0.625129203258555,-1.73221557028671,0.57438346241017,0.683051886407643,-1.59441563005495
160,-0.0555768377585124,0.141547240869892,-0.534858353979215,1.10308602939662,-0.568227675417392,-0.141547240869879,-0.051894635453242,0.288803723712243,-0.588182803136018,1.16854219456453,-0.580359391428377,-0.288803723712218,0.7236094890531,-0.627491266196565,-1.73566327437971,0.573737915540155,0.686227007650249,-1.59511296394161
161,-0.0568721024643367,0.14567283546242,-0.536316561763599,1.10574846557812,-0.569431903814496,-0.145672835462412,-0.052479433747222,0.294851724539163,-0.598034811972946,1.18684447797431,-0.588809666001235,-0.294851724539138,0.725775247808965,-0.630073926985271,-1.73916252340992,0.573191308766092,0.689523941087456,-1.5959432171793
162,-0.0581706856738326,0.149683731563142,-0.537855967557403,1.10856281611929,-0.570706848561875,-0.149683731563141,-0.0529923412125519,0.30091400771082,-0.608135978115021,1.20559341669437,-0.597457438579213,-0.300914007710803,0.727950941067494,-0.632871355746678,-1.74270363290492,0.572743225041968,0.692934998024632,-1.59689944303847
163,-0.0594724882362927,0.15357635200847,-0.53946833960057,1.11151686705784,-0.572048527457245,-0.153576352008468,-0.0534319232308145,0.306982933433169,-0.618437887454106,1.22469391097027,-0.606256023516013,-0.30698293343315,0.730133333808508,-0.63587667047553,-1.74627689717809,0.572392947581525,0.696452555669446,-1.5979744030959
164,-0.0607772710912185,0.157347596555735,-0.541145495637747,1.11459817453893,-0.57345267890117,-0.157347596555728,-0.0537969389236206,0.313050604242985,-0.628894682239373,1.24405601025271,-0.615161328013211,-0.31305060424297,0.732318868677853,-0.639081881107495,-1.74987259746705,0.572139440167137,0.70006897621877,-1.59916056858242
165,-0.0620846780767291,0.160994830548337,-0.542879276097609,1.11779403417008,-0.574914758072462,-0.160994830548333,-0.0540863535342464,0.319108823113177,-0.639462922618191,1.26359467461301,-0.624131751994669,-0.31910882311317,0.734503690950957,-0.642477842385962,-1.75348101294836,0.571981323947276,0.703776519875236,-1.60045012160184
166,-0.0633942614376443,0.164515874214903,-0.544661517076229,1.12109145334027,-0.576429936264027,-0.164515874214897,-0.0542993535092641,0.32514905351111,-0.65010142434071,1.2832294878795,-0.633128063538656,-0.325149053511088,0.736683679223843,-0.646054213981665,-1.7570924337596,0.571916850888721,0.70756725255498,-1.60183495594316
167,-0.0647055091571247,0.167908992760182,-0.546484023612627,1.12447712637882,-0.577993102766171,-0.16790899276018,-0.0544353634036804,0.33116238183438,-0.660771081212429,1.30288433916873,-0.64211325795616,-0.331162381834368,0.73885447999503,-0.649799426787481,-1.76069717528252,0.571943874173732,0.711432949068181,-1.60330667732882
168,-0.066017873318244,0.171172887294777,-0.548338543662453,1.12793741244513,-0.579598868782661,-0.17117288729477,-0.0544940638158253,0.33713948263557,-0.671434679143459,1.32248708609131,-0.651052406947716,-0.33713948263556,0.741011544616141,-0.653700654735361,-1.764285593052,0.572059815958805,0.715364992614755,-1.60485660305511
169,-0.0673307987694121,0.174306686543333,-0.550216743112614,1.13145831606976,-0.581241572957129,-0.174306686543329,-0.0544754096263026,0.343070587036294,-0.682056707121807,1.34196920993658,-0.659912502814623,-0.343070587036275,0.74315016735308,-0.65774379184925,-1.76784809774948,0.572261633045752,0.719354271544491,-1.60647576108643
170,-0.0686437514196412,0.177309939164491,-0.552110182137498,1.13502547030994,-0.582915288172421,-0.177309939164488,-0.0543796478667536,0.348945454718191,-0.692603169151295,1.36126547062049,-0.668662301469036,-0.348945454718176,0.74526552351129,-0.66191343455628,-1.77137516981312,0.572545781159371,0.723391074488998,-1.60815488876417
171,-0.0699562455255138,0.180182606404664,-0.554010293175222,1.13862412253877,-0.584613829363527,-0.180182606404657,-0.0542073345801373,0.354753349857103,-0.703041400135587,1.38031356710818,-0.677272166972395,-0.354753349857083,0.747352706740034,-0.666192869533249,-1.77485737325234,0.572908178679358,0.727464985176919,-1.60988443138315
172,-0.0712678693552059,0.182925054688872,-0.55590836079982,1.14223912295659,-0.586330762156742,-0.182925054688868,-0.0539593500583086,0.360483021332053,-0.713339887844107,1.39905380736681,-0.685713919522501,-0.360483021332036,0.749406764749207,-0.670564067575221,-1.77828536829071,0.573344170835317,0.73156477849113,-1.61165454097617
173,-0.0725783086283007,0.185538047619373,-0.557795503780884,1.1458549159972,-0.588059412216296,-0.185538047619365,-0.0536369118552366,0.366122687484547,-0.723468102438974,1.41742879061968,-0.693960688180521,-0.366122687484527,0.751422732755729,-0.675007684150478,-1.78164992248185,0.573848495540638,0.7356783196073,-1.61345507573097
174,-0.0738873671365029,0.188022736701559,-0.559662659655187,1.14945553490231,-0.589792875247114,-0.188022736701548,-0.0532415849811885,0.371660025618008,-0.733396334549438,1.4353831037132,-0.701986769163571,-0.371660025617986,0.753395664034259,-0.679503067463439,-1.78494191994961,0.574415252210967,0.739792468357761,-1.61527560054441
175,-0.0751949839526816,0.190380649941731,-0.561500572185121,1.15302459985629,-0.591524027671171,-0.190380649941729,-0.0527752886852545,0.377082166303797,-0.743095542528036,1.45286303272706,-0.709767490199032,-0.377082166303797,0.755320656986281,-0.684028274996959,-1.78815236839659,0.575037875082936,0.743892991282846,-1.61710538930013
176,-0.0765012466344009,0.192613677255404,-0.563299782145716,1.15654532021424,-0.593245538068495,-0.192613677255402,-0.0522402992320138,0.382375692387563,-0.752537209286842,1.46981629051363,-0.71727908122657,-0.382375692387542,0.757192878169914,-0.688560099660439,-1.79127240350737,0.575709112717573,0.747964484149623,-1.61893342953876
177,-0.0778063998241212,0.194724051381796,-0.565050621968158,1.16000050152261,-0.594949879554451,-0.194724051381797,-0.0516392480759372,0.387526642357214,-0.761693208974045,1.48619176060994,-0.724498551635898,-0.387526642357221,0.759007580754417,-0.693074106840587,-1.79429329034266,0.576421015537742,0.751990308022603,-1.62074843027857
178,-0.0791108486409368,0.1967143227128,-0.566743214870596,1.16337255822735,-0.596629343356754,-0.196714322712801,-0.0509751148255819,0.392520517429607,-0.770535683692614,1.50193925789582,-0.731403574203207,-0.392520517429608,0.7607601178822,-0.6975446838439,-1.79720642127836,0.577164933410175,0.755952542245505,-1.62253883384281
179,-0.0804151562436014,0.19858732610357,-0.568367479236498,1.16664353319685,-0.598276053960362,-0.198587326103568,-0.050251214380833,0.397342291322468,-0.779036930469729,1.51700930645108,-0.737972375981362,-0.397342291322466,0.76244595043638,-0.701945103443717,-1.80000330998925,0.577931525440177,0.759831957922225,-1.62429283266312
180,-0.0817200349211775,0.200346137333233,-0.569913139147126,1.16979512545783,-0.599881986310703,-0.200346137333239,-0.0494711775966828,0.401976421193857,-0.787169298742073,1.5313529352733,-0.744183636531222,-0.401976421193861,0.76406064872311,-0.706247603490285,-1.80267558090589,0.578710784301331,0.763608015647157,-1.62599839215976
181,-0.0830263300396602,0.201994016464438,-0.571369742135832,1.17280872783162,-0.601438985695791,-0.201994016464438,-0.0486389248033208,0.406406857690324,-0.794905098698732,1.54492149279592,-0.750016394097165,-0.406406857690323,0.765599887592359,-0.71042348479939,-1.80521495349979,0.579492077555588,0.76725889130982,-1.62764328093804
182,-0.0843349962767334,0.203534335474826,-0.572726685175262,1.17566547610304,-0.60293879092778,-0.203534335474825,-0.0477586316143805,0.410617052068271,-0.802216520651459,1.55766648091461,-0.755449960263155,-0.410617052068273,0.767059434681211,-0.714443229573269,-1.80761322082559,0.580264208289077,0.770761533724784,-1.62921510946349
183,-0.0856470674919835,0.20497049504676,-0.573973246947171,1.17834630654464,-0.604373059597468,-0.204970495046762,-0.0468346883706329,0.414589966500025,-0.809075562157113,1.5695394016826,-0.760463839525489,-0.414589966500026,0.768435133553097,-0.718276639903651,-1.80986222383594,0.581015494044862,0.774091757131234,-1.63070137535749
184,-0.0869636262216077,0.206305853684556,-0.575098617112998,1.18083200665007,-0.605733389537067,-0.206305853684557,-0.0458716592080211,0.418308113993763,-0.815453951502722,1.58049159137688,-0.765037639874165,-0.418308113993766,0.769722888423871,-0.721892989376676,-1.81195382798262,0.581733854680993,0.77722436934905,-1.63208950604193
185,-0.0882857745457352,0.207543674114588,-0.576091920180099,1.18310325520174,-0.607011335021636,-0.207543674114597,-0.0448742424985217,0.421753634779737,-0.82132306433319,1.59047403402195,-0.769150969688783,-0.421753634779745,0.7709186525225,-0.725261187843495,-1.81387990361353,0.582406906618809,0.780133335407579,-1.63336689648121
186,-0.0896146059007745,0.208687084472483,-0.576942234604462,1.18514065275445,-0.608198418149991,-0.208687084472481,-0.0438472322359033,0.424908407366263,-0.82665383334197,1.59943715370077,-0.772783320358798,-0.424908407366261,0.772018419627838,-0.728349960859766,-1.81563230952172,0.583022064614053,0.782791977212812,-1.63452094291689
187,-0.090951177363398,0.20973905163914,-0.577638607882874,1.18692474387458,-0.609286135991717,-0.209739051639134,-0.0427954798932218,0.427754191670738,-0.831416650846449,1.60733058501909,-0.775913934172657,-0.427754191670733,0.773018218297547,-0.731128044896709,-1.81720287899183,0.583566652101033,0.785173209249006,-1.63553907358166
188,-0.0922964820787697,0.210702364474131,-0.578170068225641,1.18843603229554,-0.610265964069898,-0.210702364474127,-0.0417238564244508,0.430272801380218,-0.835581263700273,1.61410292051666,-0.778521656816416,-0.430272801380216,0.773914108504194,-0.73356439891411,-1.81858340784097,0.584028020651793,0.787249809306308,-1.63640877722207
189,-0.0936514216341317,0.211579625056871,-0.578525633208673,1.18965498992088,-0.611129356712216,-0.211579625056867,-0.0406372142114348,0.432446302368369,-0.839116659566124,1.61970143317583,-0.780584773609718,-0.432446302368361,0.774702180559818,-0.735628432250114,-1.81976564409112,0.584393678553119,0.788994722057137,-1.6371176301106
190,-0.0950167782892014,0.212373246348167,-0.578694315603332,1.19056206036657,-0.61186774476324,-0.212373246348168,-0.0395403488678782,0.434257233563556,-0.84199094309116,1.62407177147631,-0.782080828385149,-0.434257233563556,0.775378556347585,-0.737290248066984,-1.82074127903159,0.584651427951623,0.790381391997609,-1.6376533221034
191,-0.0963931870705795,0.213085454932243,-0.578665126377671,1.1911376574897,-0.612472531112033,-0.213085454932243,-0.0384379609071119,0.435688846150313,-0.844171199974991,1.62715762363995,-0.782986423664955,-0.435688846150314,0.775939392996611,-0.738520900823326,-1.82150193953969,0.584789509463349,0.791384120870298,-1.63800368219864
192,-0.0977811078257367,0.213718297700276,-0.578427074654909,1.19136215910987,-0.612935084454958,-0.213718297700275,-0.0373346173695701,0.436725356426556,-0.845623346270895,1.62890034674255,-0.783277000471687,-0.436725356426556,0.776380889248519,-0.739292665463534,-1.82203918162843,0.584796752602259,0.791978443246224,-1.63815670396697
193,-0.0991807974219187,0.214273651498496,-0.577969164208504,1.19121589589477,-0.613246731686274,-0.214273651498499,-0.0362347135950653,0.437352207069751,-0.846311959489945,1.62923855517107,-0.782926595681138,-0.437352207069754,0.776699294890404,-0.73957931528192,-1.82234448529107,0.584662729868045,0.792141512539064,-1.63810057116007
194,-0.100572222985376,0.214770758591407,-0.57740683079289,1.19089031449097,-0.613483483698073,-0.214770758591405,-0.0351223760355794,0.437747011214165,-0.846613517869759,1.62887346893655,-0.782259951066792,-0.437747011214166,0.776932573677524,-0.739588610783629,-1.82252168783555,0.584483327987289,0.792112049836433,-1.63794854415506
195,-0.101964284061607,0.21521145330611,-0.576743374795868,1.19039291851353,-0.613649543717655,-0.215211453306111,-0.0340106739888688,0.437919397323759,-0.846544675788467,1.62783255222937,-0.781287876440912,-0.437919397323763,0.77710210208518,-0.739366764597436,-1.82257990030202,0.584239268085126,0.791867858532675,-1.63769946562149
196,-0.103371924763634,0.215583332119696,-0.575866803820865,1.18953510818206,-0.613668304361196,-0.215583332119696,-0.0329187213202385,0.43770528187183,-0.845736505519014,1.62543575693086,-0.779699251411851,-0.437705281871836,0.777169454399749,-0.738702778927867,-1.82242017031543,0.583839288139878,0.791184704189929,-1.63724252197814
197,-0.10478219700256,0.215892132710752,-0.574787133159144,1.18832966634142,-0.613542533182274,-0.215892132710752,-0.0318377292664471,0.437126476497867,-0.844211977649156,1.62173293399779,-0.777520956348635,-0.437126476497866,0.777121653873272,-0.737580492174172,-1.82204832801603,0.583311267068248,0.790114684694609,-1.63659050335326
198,-0.106194667288619,0.216141228982851,-0.573513236178037,1.18679100765397,-0.613277771475933,-0.216141228982848,-0.0307714028103485,0.436203868024044,-0.841997420518296,1.61677316956175,-0.77477574904345,-0.436203868024039,0.776967752911755,-0.736030057420788,-1.82147466931231,0.582658202702544,0.788673775910418,-1.63575098209887
199,-0.107606382683576,0.216334313887282,-0.572054193474248,1.18493326160599,-0.612879068131738,-0.216334313887281,-0.0297208962066948,0.434959650342042,-0.839117452181259,1.61060299294491,-0.771485540763654,-0.434959650342038,0.776712748609914,-0.734074552932675,-1.82070859741214,0.581888492515375,0.786886278304712,-1.63473271984615
200,-0.109014670983896,0.216474895360852,-0.570419041118041,1.18277062589196,-0.612351584773916,-0.216474895360854,-0.0286876027386376,0.433416588597377,-0.835596070767581,1.60326712753571,-0.767671056768103,-0.433416588597375,0.776362368469624,-0.731739475191885,-1.81975961371553,0.581010214442917,0.784776259695953,-1.63354446614857
201,-0.110416674938527,0.216566386855131,-0.568616812515216,1.1803173118882,-0.611700499372987,-0.216566386855134,-0.0276726785091211,0.431597871863583,-0.831456615998797,1.59480871246261,-0.763352096463814,-0.431597871863589,0.775922201383253,-0.729050737165561,-1.818637149448,0.580032018621245,0.782368750651742,-1.63219515199596
202,-0.111809479036472,0.216612090069351,-0.566656526908096,1.17758756371833,-0.610931036810228,-0.216612090069347,-0.0266771588017614,0.429526875010532,-0.826721920458703,1.58526959057851,-0.75854767011982,-0.429526875010525,0.775397860363595,-0.726034781220053,-1.81735060814089,0.578962821397297,0.779689178043297,-1.63069383064377
203,-0.113190128559182,0.216615197608031,-0.564547187577961,1.17459566361605,-0.610048476038093,-0.21661519760803,-0.0257019667068298,0.427226956678615,-0.8214144135099,1.57469055888347,-0.753276145373568,-0.427226956678614,0.774794960588397,-0.722718327382931,-1.81590937012159,0.577811723591864,0.776763138898581,-1.62904966475167
204,-0.114555666668597,0.21657879249645,-0.562297778996865,1.17135593984279,-0.609058160845923,-0.21657879249645,-0.024747939782597,0.424721272703883,-0.815556223214818,1.56311160425883,-0.747555381044001,-0.424721272703882,0.774119131538546,-0.719128206517657,-1.81432280355273,0.576587898138755,0.773616139685984,-1.62727190608324
205,-0.115903166735669,0.216505848677113,-0.559917265239967,1.16788277458638,-0.607965509346409,-0.216505848677111,-0.0238158519574463,0.422032610260904,-0.8091692704572,1.55057212418902,-0.741402853731831,-0.422032610260907,0.77337602347701,-0.715291198644595,-1.81260027382501,0.575300493914152,0.770273371467777,-1.62536987746658
206,-0.1172297636164,0.216399231763294,-0.557414589552344,1.16419061253357,-0.60677602298123,-0.216399231763289,-0.0229064343791474,0.419183242689947,-0.802275358397763,1.53711113606732,-0.734835777669561,-0.419183242689943,0.772571314655482,-0.711233890614232,-1.81075115252529,0.573958548343787,0.76675951068791,-1.62335295539107
207,-0.118532682930417,0.216261700184662,-0.554798675297069,1.16029397013971,-0.605495294842638,-0.216261700184664,-0.0220203942671866,0.416194805302812,-0.794896258675125,1.52276747784894,-0.727871219173811,-0.416194805302819,0.771710717523708,-0.706982550266389,-1.80878482555899,0.572570910572425,0.763098548497054,-1.621230553598
208,-0.119809268226506,0.216095906711845,-0.552078428376594,1.15620744565664,-0.604129017280042,-0.216095906711845,-0.02115843165143,0.413088191868961,-0.787053795956243,1.50758000287895,-0.720526206922705,-0.41308819186896,0.770799983656762,-0.702563016784724,-1.80671070030679,0.571146175056998,0.759313648284036,-1.61901210766266
209,-0.121057005799527,0.215904400371143,-0.549262741177338,1.15194572990614,-0.602682988728787,-0.215904400371139,-0.0203212537626581,0.409883471128354,-0.7787699323301,1.49158777167553,-0.712817839345243,-0.409883471128332,0.769844906906575,-0.698000606219249,-1.80453821165732,0.569692625495781,0.755427030835219,-1.61670706061001
210,-0.122273546968392,0.21568962875446,-0.546360498042688,1.14752361774323,-0.601163119700523,-0.21568962875446,-0.0195095868841111,0.40659982236256,-0.770066853008466,1.47483024345319,-0.704763390444493,-0.406599822362554,0.768851324364623,-0.693320031072233,-1.80227682677724,0.56821818876453,0.751459885936022,-1.61432484957992
211,-0.123456727646148,0.21545394072665,-0.543380582244491,1.14295602011549,-0.599575437870975,-0.215453940726651,-0.0187241854946816,0.403255488813716,-0.760967054773068,1.4573474701896,-0.696380415416319,-0.403255488813713,0.76782511476205,-0.688545332736601,-1.79993604848992,0.566730398380481,0.747432308823131,-1.61187489354129
212,-0.124604585060516,0.215199589528609,-0.540331884397618,1.1382579765949,-0.597926092197284,-0.215199589528606,-0.0179658385632595,0.399867747563654,-0.751493438600511,1.439180296071,-0.687686857470505,-0.399867747563668,0.766772193982571,-0.683699825541709,-1.79752541714501,0.565236366892157,0.743363259594037,-1.60936658203515
213,-0.125715371511651,0.214928736270689,-0.537223312241535,1.13344466823472,-0.596221355993185,-0.214928736270687,-0.0172353728795083,0.396452894369341,-0.741669407897719,1.42037056518922,-0.678701157291509,-0.396452894369337,0.765698507411838,-0.678806051165285,-1.79505451087151,0.563742766503947,0.739270543483901,-1.60680926490727
214,-0.126787565081564,0.214643453807162,-0.53406380169941,1.12853143058467,-0.594467628885263,-0.214643453807161,-0.016533653337239,0.393026241888825,-0.731518973786283,1.40096134040012,-0.669442366613817,-0.393026241888825,0.764610018892172,-0.67388574220421,-1.79253294411745,0.562255817186506,0.735170809816107,-1.60421224297182
215,-0.127819877235478,0.214345730979286,-0.530862329114341,1.12353376668262,-0.592671437568255,-0.214345730979281,-0.0158615801088314,0.389602129717849,-0.721066868880113,1.38099713628122,-0.659930267400906,-0.38960212971782,0.76351269609046,-0.668959793743728,-1.78997036438767,0.56078128149547,0.73107956741022,-1.60158475952969
216,-0.128811257277604,0.214037477212404,-0.527627924556569,1.11846735982732,-0.590839435270727,-0.2140374772124,-0.0152200826747839,0.386193944683894,-0.710338670998958,1.36052416913362,-0.650185498134425,-0.386193944683881,0.762412492118499,-0.664048241819357,-1.78737644710012,0.559324465319103,0.727011214278278,-1.59893599265068
217,-0.129760893641084,0.21372052745135,-0.524369686089745,1.11334808592562,-0.588978399835853,-0.213720527451346,-0.0146101106867454,0.382814149904459,-0.699360938242495,1.33959062694434,-0.640229688701621,-0.382814149904449,0.761315323266556,-0.659170247714564,-1.7847608884877,0.557890223799645,0.722979079545159,-1.59627504811733
218,-0.13066821200246,0.213396647418355,-0.521096794881531,1.10819202519642,-0.587095230314864,-0.21339664741835,-0.0140326216556539,0.379474321202298,-0.688161356803175,1.31824696213875,-0.630085605335393,-0.379474321202295,0.760227042723498,-0.65434408708083,-1.78213339647978,0.556482971721227,0.718995475682335,-1.59361095292297
219,-0.131532870215515,0.213067539179109,-0.517818531038656,1.10301547300316,-0.585196941964488,-0.213067539179106,-0.0134885654589206,0.376185189576727,-0.676768902805596,1.29654620977873,-0.619777306972957,-0.376185189576718,0.759153410161001,-0.649587142896812,-1.77950367950369,0.555106697728067,0.715071759335564,-1.59095264921711
220,-0.132354750056554,0.21273484700482,-0.514544290041328,1.09783494957633,-0.58329065953498,-0.212734847004819,-0.0129788656592859,0.372956688549716,-0.665214019304296,1.27454433356127,-0.609330314256797,-0.372956688549707,0.758100057058335,-0.644915901305519,-1.77688143315501,0.553764981828904,0.711218399248003,-1.58830898860067
221,-0.133133945764926,0.212400163521107,-0.511283599642695,1.09266720837678,-0.581383608734068,-0.212400163521102,-0.0125043976186723,0.369798005333839,-0.653528809323888,1.25230060149164,-0.598771792167556,-0.369798005333826,0.757072447642842,-0.640345949382798,-1.77427632469613,0.552461015755905,0.707445050021991,-1.5856887266914
222,-0.133870749351395,0.212065036137693,-0.50804613708458,1.08752924284105,-0.579483105756448,-0.212065036137691,-0.0120659633800971,0.366717634901339,-0.641747245448332,1.22987799237566,-0.588130746927183,-0.366717634901335,0.756075835327394,-0.635891973905991,-1.77169797535978,0.551197625875768,0.703760630715689,-1.58310051790919
223,-0.134565632636077,0.211730973755324,-0.504841746458874,1.08243829124019,-0.577596544781298,-0.21173097375532,-0.0116642632788758,0.363723436165739,-0.629905395917209,1.20734363321127,-0.577438237293882,-0.363723436165723,0.755115214549541,-0.631567760218154,-1.76915594046012,0.549977298495427,0.700173407526881,-1.58055291047125
224,-0.135219225973892,0.211399453746431,-0.501680456011475,1.07741183937716,-0.575731383365666,-0.211399453746427,-0.0112998642417933,0.360822689615468,-0.618041666407891,1.1847692660487,-0.56672759964063,-0.360822689615458,0.75419526797269,-0.627386190337163,-1.76665968735499,0.548802207558517,0.696691080061842,-1.57805434164064
225,-0.135832293637565,0.211071929203342,-0.498572495138273,1.07246762084268,-0.573895125704389,-0.211071929203339,-0.0109731647433462,0.358022155861566,-0.606197055608979,1.1622317408033,-0.556034685194157,-0.358022155861562,0.753320309115996,-0.623359239560286,-1.76421857136339,0.547674244885829,0.693320870910799,-1.57561313333791
226,-0.136405705867769,0.210749836438522,-0.495528310757072,1.0676236145504,-0.57209530379331,-0.210749836438518,-0.0106843564293651,0.355328134673615,-0.594415421242349,1.13981352768863,-0.545398106446105,-0.355328134673605,0.752494220660222,-0.619497970992097,-1.76184180983139,0.546595053261317,0.690069618432369,-1.57323748830473
227,-0.136940407683158,0.210434602704304,-0.492558582649173,1.06289803927847,-0.57033945662928,-0.210434602704303,-0.0104333825005688,0.352746524179827,-0.582743751285631,1.1176032392252,-0.534859487939403,-0.352746524179821,0.751720388961235,-0.615812527710526,-1.75953845466635,0.545566062791145,0.686943872766637,-1.57093548709869
228,-0.137437384689918,0.210127654070595,-0.489674237244593,1.05830934495995,-0.568635107715347,-0.210127654070592,-0.010219893095499,0.350282879994237,-0.57123243269814,1.09569614700025,-0.524463714301949,-0.35028287999423,0.751001635725612,-0.612312122726162,-1.75731736383265,0.544588531043747,0.683949995117917,-1.56871508629668
229,-0.137897626363866,0.209830423354704,-0.486886459170633,1.05387620049145,-0.566989741320796,-0.209830423354701,-0.0100431981460738,0.347942474105115,-0.559935506889809,1.07419467236307,-0.514259165473091,-0.347942474105106,0.75034014840205,-0.60900502753247,-1.75518717253496,0.543663587487304,0.681094260238721,-1.56658411838485
230,-0.138322087625049,0.209544357934186,-0.484206699689649,1.0496174778696,-0.565410778179925,-0.209544357934181,-0.00990221852565869,0.345730353411549,-0.548910897458299,1.05320882295968,-0.504297925501206,-0.345730353411538,0.74973741165582,-0.605898560941341,-1.75315626511497,0.542792282640672,0.678382961761725,-1.56455029390649
231,-0.138711650008826,0.20927092718757,-0.48164668091862,1.04555223252316,-0.563905551604521,-0.209270927187566,-0.00979543679357438,0.343651397827526,-0.538220591385855,1.03285653849442,-0.494635947108379,-0.343651397827513,0.749194143351302,-0.602999081098072,-1.7512327490616,0.541975642104967,0.675822519522499,-1.56262120651294
232,-0.139067083182999,0.209011624598393,-0.479218396970104,1.04169968336292,-0.562481286392793,-0.209011624598388,-0.0097208482857015,0.341710373419086,-0.527930752711362,1.01326390536474,-0.485333152653197,-0.341710373419075,0.748710238309119,-0.600311986857585,-1.74942443160397,0.54121472701599,0.673419587020823,-1.56080434341505
233,-0.139389005958961,0.20876795097113,-0.476934117605117,1.03807920288007,-0.561145085274936,-0.208767950971125,-0.00967591169901895,0.339911967997603,-0.518111747940897,0.994565201351552,-0.476453453410453,-0.339911967997585,0.74828472161322,-0.597841739385141,-1.74773879723028,0.540510705399918,0.671181155960569,-1.55910710712653
234,-0.13967785424665,0.208541394973013,-0.474806383490944,1.03471030458636,-0.559903921095396,-0.208541394973008,-0.00965750662009244,0.338260825723911,-0.508838041193299,0.97690268606107,-0.468064644867581,-0.3382608257239,0.747915723895475,-0.595591904730284,-1.74618299377172,0.539864926784164,0.669114655653369,-1.55753684263964
235,-0.139933862724932,0.208333416049244,-0.472847987500368,1.03161262336365,-0.558764635863268,-0.208333416049238,-0.0096619047687933,0.336761586022245,-0.500187919148267,0.960426057541524,-0.460238138393086,-0.336761586022233,0.747600490956949,-0.593565227046335,-1.74476383237528,0.539278993771253,0.667228040972195,-1.55610086778796
236,-0.140157065714588,0.208145428119381,-0.471071940009676,1.02880588947993,-0.557733949470231,-0.208145428119375,-0.00968476044484765,0.335418925735404,-0.492243008356138,0.945291501158832,-0.453048492802508,-0.335418925735389,0.747335438613858,-0.591763745400062,-1.74348780489153,0.538754826461696,0.665529861803576,-1.55480650704584
237,-0.140347322965801,0.207978782099035,-0.4694914164966,1.02630989743814,-0.556818480941517,-0.207978782099027,-0.00972112588867551,0.334237603227983,-0.485087550576141,0.931660262753927,-0.446572712177599,-0.334237603227966,0.747116263698618,-0.590188967870604,-1.74236112203686,0.538294714969457,0.664029306226919,-1.55366112882928
238,-0.140504375926109,0.207834745507081,-0.468119686115425,1.0241444708211,-0.556024784705667,-0.207834745507084,-0.00976549712293069,0.333222503403131,-0.478807410138789,0.919696694155888,-0.440889284017086,-0.333222503403152,0.746938121194592,-0.588842116112608,-1.74138977524371,0.537901354578747,0.662736209439124,-1.55267218584881
239,-0.140627938858651,0.207714477832343,-0.466970020723613,1.02232942421386,-0.555359403490251,-0.207714477832341,-0.00981189464388323,0.332378682966971,-0.473488802507967,0.909565748681867,-0.4360769461739,-0.332378682966969,0.746795874493247,-0.587724450719746,-1.74057962399922,0.537577858260874,0.661661021700783,-1.55184725755966
240,-0.140717826597365,0.207619000958391,-0.466055585137893,1.02088452312888,-0.554828937990994,-0.207619000958388,-0.00985398075046563,0.331711415757224,-0.469216755938949,0.901429948760163,-0.43221319282121,-0.331711415757222,0.746684420225646,-0.58683768192828,-1.73993650854887,0.537327742746824,0.660814731850436,-1.55119409337211
241,-0.140774116602992,0.207549164800408,-0.465389311193833,1.0198294426125,-0.554440131418668,-0.207549164800409,-0.00988521117350266,0.331226238572672,-0.46607334772327,0.895445906029562,-0.42937255830629,-0.331226238572674,0.746599080893493,-0.586184461170485,-1.73946638509163,0.53715488744386,0.660208748548869,-1.5507206551339
242,-0.140797337520287,0.207505609350626,-0.46498376033533,1.01918372488388,-0.554199964548546,-0.207505609350627,-0.00989901320634922,0.330928998684509,-0.464135790399614,0.891760541170772,-0.427624750771155,-0.330928998684509,0.746536048115524,-0.585768937219902,-1.73917547721042,0.53706347017068,0.659854749196994,-1.55043515755574
243,-0.140788670327664,0.207488725437187,-0.464850981675161,1.01896673598828,-0.554115754313114,-0.207488725437188,-0.00988897642808814,0.330825905023109,-0.463474476765858,0.8905072169992,-0.427032740233343,-0.330825905023111,0.746492848078583,-0.585597347696384,-1.73907043371112,0.53705788942434,0.659764515494734,-1.55034610572392
244,-0.140775705040086,0.207479547650079,-0.464859396481299,1.01897466983506,-0.554115273353761,-0.207479547650079,-0.00987601114051201,0.330816861860288,-0.463479573220898,0.890519911121536,-0.42704033790064,-0.330816861860289,0.746474472690138,-0.585578582607224,-1.73906343533911,0.53707805645817,0.659784409261339,-1.55035436176336
245,-0.140771238265788,0.207460279493902,-0.464871371152382,1.01899026294113,-0.554118891788751,-0.207460279493902,-0.00987154436620912,0.330798494310042,-0.463493291313015,0.890546801101837,-0.427053509788815,-0.330798494310041,0.746468136944093,-0.585586836202246,-1.73905740548282,0.537083700712788,0.659781271915437,-1.55036124637917
246,-0.140762627156281,0.207431538191777,-0.46488885863206,1.01901343634617,-0.554124577714117,-0.207431538191778,-0.00986293325671308,0.3307711285894,-0.463512755647464,0.890586901418149,-0.427074145770686,-0.330771128589402,0.746456431009413,-0.585595261065908,-1.73904791965609,0.537095822855193,0.659780863329802,-1.55037266745507
247,-0.140750838156997,0.207391655931294,-0.464912540847607,1.01904546808455,-0.554132927236939,-0.207391655931294,-0.00985114425742626,0.330733216655703,-0.463539266593509,0.890642441654282,-0.427103175060776,-0.330733216655702,0.746440736354468,-0.585607416315171,-1.73903497665282,0.537112742062662,0.659780252803193,-1.55038860554076
248,-0.140735232656504,0.207339066919037,-0.464943336632913,1.01908760706816,-0.554144270435245,-0.207339066919037,-0.00983553875692796,0.330683269993604,-0.463573794856196,0.890715596821239,-0.427141801965043,-0.330683269993603,0.746420217678782,-0.585623420389279,-1.73901801624716,0.537135439486412,0.659779788719325,-1.55040978204595
249,-0.140715305806134,0.207272028345498,-0.464982228842924,1.01914123336311,-0.55415900452019,-0.207272028345495,-0.00981561190655313,0.330619636476521,-0.463617450789861,0.890808772159154,-0.427191321369297,-0.330619636476519,0.746394229824786,-0.585643833740795,-1.73899648962349,0.537164666887136,0.659779446423896,-1.55043690152609
250,-0.140690485907206,0.20718864556839,-0.465030287177892,1.01920784382958,-0.554177556651686,-0.20718864556839,-0.00979079200763178,0.330540519462584,-0.463671434037317,0.8909245779558,-0.427253143918482,-0.330540519462582,0.746362040281869,-0.585669216984658,-1.73896979207343,0.537201279897909,0.659779245443934,-1.55047074088863
251,-0.14066015518218,0.207086861500739,-0.465088669029045,1.0192890581941,-0.554200389165057,-0.207086861500741,-0.00976046128261111,0.330443968221158,-0.463737042959256,0.891065840737562,-0.427328797778317,-0.330443968221159,0.746322858118122,-0.585700183558161,-1.73893726826426,0.537246203133443,0.659779201561301,-1.55051214219519
252,-0.14062364495008,0.206964448995401,-0.465158623226855,1.01938662324278,-0.554228000015931,-0.206964448995401,-0.00972395105050232,0.33032787058434,-0.463815677620214,0.891235611244896,-0.427419933624681,-0.330327870584337,0.746275827513866,-0.585737396145033,-1.73889820887456,0.537300437813364,0.659779331994953,-1.55056201689412
253,-0.140580233423039,0.206819001733547,-0.465241493840441,1.01950241765629,-0.554260923815846,-0.206819001733548,-0.00968053952346847,0.330189944234112,-0.463908843883377,0.891437173693758,-0.427528329810385,-0.330189944234115,0.746220024948688,-0.585781569818541,-1.73885184786056,0.537365064978496,0.659779654449009,-1.55062134917504
254,-0.140529142890808,0.206647924080081,-0.465338724334102,1.01963845714917,-0.554299732815072,-0.206647924080081,-0.00962944899123171,0.330027726984271,-0.464018157718498,0.891674055755727,-0.427655898037234,-0.33002772698427,0.746154455567148,-0.585833474711992,-1.73879735927981,0.537441249673902,0.659780186785423,-1.55069119986485
255,-0.14046953665841,0.20644841981031,-0.465451862013364,1.01979689988182,-0.554345037868458,-0.20644841981031,-0.0095698427588355,0.32983856597181,-0.464145349776911,0.891950039238525,-0.427804689461618,-0.32983856597181,0.746078049227667,-0.585893939038411,-1.738733853783,0.537530245489408,0.659780946533164,-1.55077271071083
256,-0.140400515694457,0.206217479684277,-0.465582562722528,1.01998005205547,-0.554397489332941,-0.206217479684278,-0.00950082179488482,0.329619605730313,-0.464292270163139,0.892269171352968,-0.427976901189834,-0.329619605730316,0.745989656174217,-0.585963852360598,-1.73866037475224,0.537633399526473,0.659781950306541,-1.5508671090715
257,-0.140321114998497,0.205951867845758,-0.465732595736551,1.02019037358119,-0.55445777784464,-0.205951867845757,-0.00942142109892039,0.329367775119001,-0.464460893327196,0.892635776425884,-0.428174883098688,-0.329367775119001,0.745888042340167,-0.586044169112966,-1.73857589408219,0.53775215777598,0.659783213103347,-1.55097571301062
258,-0.140230299694369,0.20564810703334,-0.465903848774987,1.02043048368622,-0.554526634911236,-0.205648107033339,-0.00933060579479135,0.329079773089917,-0.464653322981193,0.893054467879053,-0.428401144897865,-0.329079773089916,0.745771884290866,-0.586135912358525,-1.73847930760214,0.537888070893959,0.659784747462369,-1.55109993678614
259,-0.14012696086247,0.205302462602691,-0.466098333046809,1.02070316628942,-0.554604833242611,-0.20530246260269,-0.0092272669628984,0.328752053285998,-0.464871796921186,0.893530160249728,-0.428658363328542,-0.328752053285996,0.745639763818633,-0.58624017775912,-1.73836943014065,0.538042800352901,0.659786562454908,-1.551241296719
260,-0.140009911129432,0.20491092537375,-0.466318188213575,1.02101137494162,-0.554693186728049,-0.204910925373749,-0.00911021722985745,0.328380807475484,-0.465118691609431,0.894068080976765,-0.428949389367328,-0.328380807475483,0.74549016221046,-0.586358137728482,-1.73824499023969,0.538218124937129,0.659788662481722,-1.55140141741843
261,-0.139877880041086,0.204469193335157,-0.46656568713289,1.0213582370843,-0.554792549951407,-0.204469193335156,-0.00897818614150881,0.327961947844555,-0.465396526341877,0.894673781616471,-0.429277255274587,-0.327961947844554,0.745321454217284,-0.58649104572736,-1.73810462453055,0.538415947538988,0.659791045842731,-1.55158203833044
262,-0.13972950925307,0.203972652261781,-0.466843240215033,1.02174705733148,-0.554903817116442,-0.203972652261781,-0.00882981535349132,0.327491088190991,-0.465707966791591,0.895353148083118,-0.429645181291515,-0.32749108819099,0.745131901763793,-0.586640240647726,-1.73794687179143,0.538638302198921,0.659793703042851,-1.55178502056367
263,-0.139563347584022,0.203416355330914,-0.467153399191128,1.02218131942383,-0.555027920232699,-0.203416355330913,-0.0086636536844452,0.326963524088177,-0.466055827678715,0.896112409429157,-0.430056581750437,-0.326963524088177,0.744919647449982,-0.58680715121796,-1.73777016671566,0.538887361315589,0.659796614792615,-1.55201235393228
264,-0.139377845988679,0.202795001860187,-0.467498860051917,1.02266468643964,-0.555165826387724,-0.202795001860189,-0.00847815208910451,0.326374212122598,-0.466443074272504,0.896958144588158,-0.430515070315652,-0.3263742121226,0.744682707910341,-0.586993300342427,-1.73757283343073,0.539165442932138,0.659799749657875,-1.55226616413662
265,-0.139171352523581,0.202102915337381,-0.467882464870355,1.02320099877442,-0.555318533904063,-0.202102915337382,-0.00827165862400766,0.325717748350545,-0.466872822379413,0.897897286398833,-0.431024464019418,-0.325717748350544,0.744418967114481,-0.587200309266972,-1.73735307882244,0.539475017980497,0.659803061308179,-1.55254871998093
266,-0.138942107395875,0.20133402097098,-0.468307202169236,1.02379426931824,-0.555487067149001,-0.20133402097098,-0.00804241349630154,0.324988346173277,-0.467348336413237,0.898937122108808,-0.431588785695573,-0.324988346173277,0.74412616971405,-0.587429901435082,-1.73710898573616,0.539818717336583,0.659806485309008,-1.55286244049969
267,-0.138688240598203,0.200481832223229,-0.46877620045137,1.02444866813106,-0.555672467679688,-0.200481832223228,-0.00778854669863208,0.324179822578833,-0.467873019376739,0.900085277080491,-0.43221225770376,-0.324179822578832,0.743801917581416,-0.587683902426787,-1.73683850893123,0.54019933497075,0.659809936039978,-1.55320989825721
268,-0.1384077794642,0.199539472849943,-0.469292700346035,1.025168476152,-0.555875775805964,-0.199539472849942,-0.00750808556462744,0.323285617891861,-0.468450378297131,0.901349645916547,-0.432899267619428,-0.323285617891858,0.743443678829471,-0.587964226858709,-1.73653948198944,0.540619816265243,0.659813304743729,-1.55359380826119
269,-0.138098658667545,0.198499701657189,-0.469860023295593,1.02595803361867,-0.556098010323079,-0.198499701657189,-0.00719896476797244,0.322298817988009,-0.469083986140437,0.902738315947412,-0.433654329806964,-0.322298817988008,0.743048800012765,-0.588272866974564,-1.73620962560156,0.541083242347189,0.659816454203668,-1.55401701479379
270,-0.13775872818322,0.197354928934296,-0.470481542957179,1.02682169149926,-0.556340148542086,-0.197354928934294,-0.00685903428364127,0.321212168455009,-0.469777446704441,0.90425949783578,-0.434482051131334,-0.321212168455009,0.742614515650634,-0.588611883676338,-1.73584655328469,0.541592817327996,0.659819212456906,-1.55448248121545
271,-0.137385759421282,0.196097226603137,-0.471160658080675,1.02776376402736,-0.556603105946681,-0.196097226603138,-0.00648606552170649,0.320018082603544,-0.470534360972237,0.905921460209535,-0.435387099237297,-0.320018082603544,0.742137955277292,-0.588983398463055,-1.73544777501655,0.542151858174968,0.659821366295062,-1.55499328207223
272,-0.136977450409339,0.194718334992861,-0.471900765117721,1.02878847983412,-0.556887714716399,-0.194718334992863,-0.00607775650976674,0.31870864606598,-0.471358293014187,0.907732464180871,-0.436374171166686,-0.318708646065984,0.741616149116464,-0.589389585361896,-1.73501069969478,0.542763785876106,0.659822654475406,-1.55555259629288
273,-0.136531430877623,0.19320966915269,-0.472705228871972,1.0298999292713,-0.557194700399329,-0.193209669152691,-0.00563173697805167,0.317275620725436,-0.4722527336061,0.909700693766595,-0.437447960160499,-0.317275620725435,0.741046033446609,-0.589832661919712,-1.73453263732047,0.543432116592322,0.659822760600133,-1.55616370027501
274,-0.136045268091298,0.191562327644773,-0.473577349565813,1.0311020056435,-0.557524656077684,-0.191562327644773,-0.00514557419172843,0.315710450748489,-0.473221059830978,0.911834178409517,-0.438613118578545,-0.31571045074849,0.740424456709339,-0.590314878324467,-1.7340108018064,0.544160451504572,0.659821305645714,-1.55682995966397
275,-0.135516474288755,0.1897671068979,-0.474520324739475,1.03239833817437,-0.557878013434891,-0.189767106897901,-0.00461678038918113,0.314004273631762,-0.474266489008667,0.91414070392457,-0.439874214915898,-0.31400427363176,0.739748187430354,-0.590838503695469,-1.73344231534438,0.544952464042893,0.659817840164698,-1.55755481859442
276,-0.13494251662886,0.187814524463034,-0.475537204419127,1.03379221463092,-0.55825501021179,-0.187814524463036,-0.00404282272928679,0.312147939428011,-0.475392025359836,0.916627708266476,-0.44123568290664,-0.312147939428013,0.739013925078887,-0.591405808528198,-1.73282421533692,0.54581188312086,0.659811836234216,-1.55834178509049
277,-0.134320830625394,0.185694854902314,-0.476630838000794,1.03528649164269,-0.558655653641897,-0.185694854902313,-0.00342113672582132,0.310132041701523,-0.476600397869759,0.919302158557266,-0.442701760687507,-0.310132041701521,0.738218315090564,-0.5920190422057,-1.73215346501035,0.546742470891302,0.659802679292541,-1.55919441120311
278,-0.133648838155779,0.183398182576829,-0.477803811306987,1.03688349090109,-0.5590796795941,-0.183398182576828,-0.00274914425620569,0.30794696428854,-0.477893987885029,0.92217040584272,-0.444276417957691,-0.307946964288538,0.737357969423713,-0.592680404396426,-1.73142696898311,0.547747993385314,0.659789660091675,-1.56011626630122
279,-0.132923971274992,0.180914476284821,-0.479058372298769,1.03858487964049,-0.559526507341726,-0.18091447628482,-0.00202427737541609,0.305582948618353,-0.479274745071762,0.925238014098868,-0.445963269027106,-0.305582948618353,0.736429494214387,-0.593392009053609,-1.7306415952685,0.548832182196071,0.659771967105622,-1.56111090172611
280,-0.132143703225665,0.178233691470459,-0.480396344026494,1.04039153418019,-0.559995190153683,-0.178233691470452,-0.00124400932602397,0.303030187119441,-0.480744090552261,0.928509560217937,-0.447765469665517,-0.303030187119406,0.735429526319138,-0.594155839650009,-1.72979420542623,0.549998685151162,0.65974867986955,-1.5621818047955
281,-0.131305587940038,0.175345905509431,-0.481819024121137,1.04230338659599,-0.560484362474838,-0.175345905509424,-0.000405894040391681,0.300278948083008,-0.482302806927416,0.931988403398881,-0.449685596471286,-0.30027894808299,0.73435478044582,-0.594973694616477,-1.72888169452082,0.551251004085382,0.659718763803967,-1.56333234031658
282,-0.130407305691441,0.172241477431815,-0.483327077655802,1.04431926516111,-0.560992187505289,-0.172241477431811,0.000492388208195409,0.29731972394926,-0.48395092340581,0.935676440860734,-0.451725517454764,-0.29731972394925,0.733202104010445,-0.595847127298048,-1.72790103827792,0.552592423222286,0.659681066020439,-1.5645656832635
283,-0.12944670332492,0.168911188872612,-0.484920446630715,1.04643676119737,-0.561516314566643,-0.168911188872607,0.0014529905747185,0.294143362040547,-0.485687622341209,0.939573907082281,-0.453886284740915,-0.294143362040533,0.731968525129841,-0.596777395971622,-1.72684933420847,0.554025945364678,0.659634309665156,-1.56588475963843
284,-0.128421824943269,0.165346357385616,-0.486598281005946,1.04865212879466,-0.562053847788697,-0.165346357385607,0.00247786895637444,0.290741169302131,-0.487511171930127,0.943679227706787,-0.456168055776501,-0.290741169302114,0.730651288338882,-0.597765423437376,-1.72572383335283,0.555554242348697,0.659577089848961,-1.5672921998554
285,-0.127330934182906,0.161538927100422,-0.488358888891756,1.05096021414295,-0.562601325251184,-0.161538927100417,0.00356875971673642,0.287104995817324,-0.489418882137442,0.947988921738969,-0.458570039601375,-0.287104995817311,0.729247879489439,-0.598811764216617,-1.72452196412387,0.557179618173395,0.659507871895163,-1.56879030285893
286,-0.126172529710171,0.157481541850357,-0.490199703401735,1.05335441120627,-0.563154707804521,-0.157481541850351,0.00472716418947442,0.283227302028938,-0.491407080932741,0.952497545492994,-0.46109046456009,-0.28322730202892,0.727756041993302,-0.59991657831991,-1.72324134995412,0.55890398242518,0.659424991758346,-1.57038100893001
287,-0.124945355347116,0.15316760509081,-0.492117264061968,1.05582664098683,-0.563709376924845,-0.153167605090803,0.00595433855253268,0.279101213840245,-0.493471108302553,0.957197672613993,-0.463726564311285,-0.279101213840229,0.726173786303126,-0.60107961079375,-1.72187982221376,0.560728831962966,0.65932665847159,-1.57206587945413
288,-0.123648406032517,0.148591330159444,-0.494107211022947,1.05836735209395,-0.564260141070985,-0.148591330159437,0.00725128786711306,0.27472056904763,-0.495605325853254,0.962079905289712,-0.466474579436307,-0.274720569047613,0.724499394279503,-0.602300176486396,-1.72043542964308,0.562655239147081,0.65921095847345,-1.57384608222565
289,-0.122280930646522,0.143747783771573,-0.496164290617449,1.06096554071618,-0.564801250098718,-0.143747783771566,0.00861876325311509,0.270079957939997,-0.497803140110588,0.967132912434775,-0.469329772324046,-0.27007995793998,0.722731419878239,-0.603577149654675,-1.7189064453524,0.564683845171838,0.659075861674161,-1.57572238111822
290,-0.120842432576577,0.138632925083308,-0.498282371056951,1.0636087884145,-0.565326417357536,-0.138632925083301,0.0100572613230568,0.265174760375473,-0.500057037869314,0.972343491198066,-0.472286453328601,-0.265174760375456,0.720868687410277,-0.60490895817592,-1.71729137228221,0.566814857297423,0.658919229134101,-1.57769512916605
291,-0.119332668771839,0.133243642174846,-0.500454467272511,1.06628331642488,-0.565828849152359,-0.133243642174839,0.0115670251278007,0.260001181197056,-0.502358632162812,0.977696648639267,-0.475338016476311,-0.260001181197039,0.718910288469389,-0.606293582236376,-1.71558894787983,0.569048048979937,0.658738822248709,-1.57976426428242
292,-0.117751647918892,0.12757778739207,-0.502672774092452,1.06897405539294,-0.566301281300479,-0.127577787392063,0.0131480459807524,0.254556285462078,-0.504698717616941,0.983175700865568,-0.478476983248483,-0.254556285462058,0.716855578483741,-0.607728557444184,-1.71379814863266,0.571382762075091,0.658532313361766,-1.58192930699569
293,-0.116099628269756,0.121634212623598,-0.504928707113989,1.07166472966919,-0.566736022555187,-0.121634212623592,0.0148000656298775,0.248838034622693,-0.507067334130739,0.988762387326528,-0.481695053195642,-0.248838034622677,0.714704173721824,-0.609210982364273,-1.7119181949963,0.573817910446916,0.658297297763532,-1.58418935971417
294,-0.114377115560955,0.115412805271549,-0.507212950774537,1.07433795547744,-0.567125004702892,-0.115412805271538,0.0165225783386807,0.242845324495291,-0.509453837992725,0.994436998343532,-0.484983160350661,-0.24284532449527,0.712455949467094,-0.610737530498288,-1.70994855716646,0.576351984451225,0.658031307069548,-1.58654310714388
295,-0.112584861377752,0.10891452538794,-0.509515513262389,1.0769753524328,-0.567459839170396,-0.108914525387935,0.0183148325218874,0.23657802558572,-0.511846979695944,1.00017851430384,-0.488331534607753,-0.236578025585704,0.710111039965621,-0.612304466738273,-1.70788896206232,0.578983055888024,0.65773182401854,-1.58898881758045
296,-0.110723862238824,0.102141444186863,-0.511825788027979,1.0795576680306,-0.567731880002613,-0.102141444186856,0.0201758316608087,0.230037026086595,-0.514234987858431,1.00596475527888,-0.491729767420316,-0.230037026086579,0.707669840644685,-0.613907668311027,-1.7057394018139,0.581708783129579,0.657396298771916,-1.5915243448814
297,-0.108795359601976,0.0950967838971964,-0.514132621764454,1.08206491485145,-0.567932293086983,-0.0950967838971911,0.0221043342976591,0.223224277623702,-0.516605658784607,1.01177254012974,-0.495166881344985,-0.223224277623686,0.705133012995206,-0.615542650204244,-1.70350014397396,0.584526416233621,0.657022166838945,-1.59414713100005
298,-0.106800840920241,0.0877849586868932,-0.516424388820472,1.0844765203273,-0.568052131506818,-0.0877849586868834,0.0240988529793966,0.216142843595524,-0.518946451317286,1.01757785443656,-0.498631403119135,-0.216142843595504,0.702501492404892,-0.617204595027599,-1.70117174360397,0.587432801945259,0.656606868790229,-1.59685420903029
299,-0.104742041807999,0.0802116161601393,-0.518689072084104,1.08677148898337,-0.568082416899258,-0.0802116161601313,0.0261576520916413,0.208796949714801,-0.521244586722518,1.02335602682552,-0.502111440102866,-0.208796949714783,0.699776499120375,-0.618888387214803,-1.69875505731059,0.590424388578547,0.656147871951368,-1.59964220677266
300,-0.102620949308075,0.0723836787000235,-0.520914350434206,1.08892857710485,-0.568014226670637,-0.0723836787000166,0.0282787445915545,0.201192036119893,-0.5234871534199,1.02908191346224,-0.505594760042202,-0.201192036119876,0.69695955240287,-0.620588651418376,-1.69625125923284,0.593497230849806,0.65564269428837,-1.60250735089141
301,-0.100439806181232,0.0643093836952506,-0.523087692887292,1.09092647976619,-0.567838786878884,-0.0643093836952427,0.0304598877184026,0.193334810169437,-0.525661216410994,1.0347300906242,-0.50906887421307,-0.193334810169421,0.694052487821039,-0.622299794889005,-1.69366185889604,0.596646994811985,0.655088930699444,-1.60544547178807
302,-0.0982011149889917,0.055998316665747,-0.525196460781082,1.09274403120369,-0.567547570422598,-0.0559983166657398,0.0326985789106338,0.185233294108062,-0.527753932548108,1.04027505861068,-0.512521126062445,-0.185233294108046,0.691057476083004,-0.624016055013624,-1.69098871930203,0.599868964633799,0.654484281138377,-1.60845201101546
303,-0.0959076384709872,0.0474614221460266,-0.527228020784743,1.09436041993761,-0.567132399152864,-0.0474614221460176,0.0349920554286425,0.176896852739996,-0.529752674187679,1.04569146465083,-0.515938790463035,-0.176896852739976,0.687977038698081,-0.625731555053716,-1.68823407067779,0.603158056113041,0.653826578750934,-1.61152203616238
304,-0.0935623992418979,0.0387110079362109,-0.52916986271955,1.09575541086354,-0.566585548143976,-0.0387110079362015,0.0373372946577296,0.168336216011082,-0.531645154262226,1.05095432933397,-0.519309175071616,-0.168336216011061,0.68481406407071,-0.627440360451014,-1.68540052436671,0.606508832570714,0.653113821764061,-1.61465025762277
305,-0.091168680665034,0.0297607469067678,-0.53100972062807,1.0969095725915,-0.565899851963419,-0.0297607469067588,0.0397310132345969,0.159563500450724,-0.533419551296972,1.05603927286789,-0.522619721570791,-0.159563500450703,0.681571826437441,-0.629136535385475,-1.68249108851988,0.609915520210061,0.652344208297917,-1.61783104514944
306,-0.0887300284305038,0.0206256734861548,-0.532735697429402,1.09780450993729,-0.565068812507875,-0.0206256734861466,0.0421696654691246,0.150592226500552,-0.535064634655846,1.06092274230933,-0.525858107653355,-0.150592226500533,0.678254006879109,-0.630814199857332,-1.67950918478976,0.613372023436346,0.651516173556654,-1.62105844484111
307,-0.0862502519313935,0.0113221712326576,-0.534336393240019,1.09842310073811,-0.564086707498081,-0.0113221712326481,0.0446494419682341,0.141437327946742,-0.536569889925371,1.06558224045754,-0.529012350532042,-0.141437327946725,0.674864714946935,-0.632467587049727,-1.67645866482391,0.616871941225264,0.650628429092627,-1.62432619752589
308,-0.0837334244433271,0.00186794759440984,-0.535801037003117,1.09874973529359,-0.562948698290463,-0.00186794759440239,0.0471662694562971,0.132115149281805,-0.537925643900043,1.06999655635303,-0.532070912452854,-0.132115149281787,0.67140850923865,-0.63409110065494,-1.67334382516567,0.620408585674041,0.649680003578086,-1.62762775956537
309,-0.0811838809977472,-0.0077180083803326,-0.537119620551585,1.09877055570027,-0.56165093514867,0.00771800838033888,0.0497158129018778,0.122643426377566,-0.539123188121236,1.07414599645782,-0.535022808336448,-0.122643426377551,0.667890415014155,-0.635679371771535,-1.67016941893832,0.623975003946645,0.648670284215299,-1.63095632718986
310,-0.0786062126888082,-0.0174154900623451,-0.538283033617707,1.09847369111934,-0.560190657501621,0.0174154900623503,0.0522934812108124,0.113041245300888,-0.540154899336091,1.07801261460805,-0.53785771527183,-0.113041245300874,0.664315936638593,-0.637227314926495,-1.6669406624027,0.627564004942569,0.647599057542621,-1.63430486560124
311,-0.0760052559582777,-0.027203164230498,-0.539283197581057,1.09784948355622,-0.558566285975159,0.0272031642305067,0.0548944379413398,0.10332897342939,-0.541014354571645,1.08158043770561,-0.540566083133843,-0.103328973429372,0.660691062270536,-0.638730182741171,-1.66366323412406,0.631168192191925,0.646466547950164,-1.63766614425576
312,-0.073386075154509,-0.0370586949747201,-0.540113194895055,1.09689069699386,-0.5567775020988,0.0370586949747278,0.0575136187451121,0.0935281562043809,-0.541696437748058,1.08483568283018,-0.543139245082002,-0.0935281562043618,0.65702225776445,-0.640183618744144,-1.66034326405431,0.634780004719449,0.64527345169649,-1.64103277997267
313,-0.0707539363508072,-0.0469589073315496,-0.540767390132997,1.09559270066421,-0.554825310531202,0.046958907331558,0.0601457575488143,0.083661371865678,-0.542197433869112,1.08776695998592,-0.545569526116681,-0.0836613718656606,0.653316446217299,-0.641583707837968,-1.65698730931866,0.638391767940948,0.644020963613238,-1.64439728981674
314,-0.0681142700269705,-0.0568799985402622,-0.541241537424969,1.09395361481658,-0.552712077391613,0.0568799985402639,0.0627854238726176,0.0737520353263909,-0.542515105812338,1.09036545302353,-0.547850347211181,-0.0737520353263998,0.64958096894819,-0.642927023947042,-1.65360231288247,0.641995757070508,0.642710792995208,-1.64775215608143
315,-0.0654726197935918,-0.066797805929114,-0.541532867693317,1.09197440453251,-0.550441536839195,0.0667978059291154,0.0654270741059896,0.0638241411093767,-0.542648747576323,1.09262506933837,-0.549976321762042,-0.0638241411093722,0.645823522997785,-0.644210674368231,-1.650195540612,0.645584275991453,0.641345164440674,-1.65108990611086
316,-0.06283457435774,-0.0766881394179765,-0.541640147527393,1.08965890444952,-0.548018756922113,0.0766881394179832,0.0680651195418727,0.0539019361883538,-0.542599206523267,1.09454254631519,-0.551943339791797,-0.0539019361883218,0.642052070156078,-0.645432339831303,-1.64677449225241,0.64914975444319,0.63992679916406,-1.65440320944758
317,-0.0602056863527707,-0.0865271567575098,-0.541563700417115,1.08701376228249,-0.54545006186537,0.0865271567575156,0.0706940075468389,0.0440095435292458,-0.542368866316063,1.09611749530852,-0.553748628992331,-0.044009543529232,0.638274721518306,-0.646590302697091,-1.64334679137026,0.65268485793501,0.638458879101965,-1.65768498547726
318,-0.0575913987600554,-0.0962916884654078,-0.541305386373542,1.08404831635214,-0.542742929978593,0.0962916884654138,0.0733082951395528,0.0341706293496511,-0.541961588237341,1.0973523610698,-0.555390772832332,-0.0341706293496344,0.634499626423779,-0.647683445116866,-1.63992008381014,0.65618258263306,0.636945012118027,-1.66092849230228
319,-0.0549969876280036,-0.10595949237158,-0.540868547380022,1.0807744274862,-0.53990588010618,0.105959492371587,0.0759027062716047,0.0244081354766202,-0.54138262131788,1.09825231031876,-0.556869689000754,-0.0244081354766038,0.630734879634832,-0.648711226857204,-1.63650195361627,0.659636323564294,0.635389195033169,-1.664127390012
320,-0.0524275193615808,-0.1155094470086,-0.540257927017001,1.07720627890639,-0.536948351889372,0.115509447008606,0.078472174538023,0.0147440688217241,-0.540638490702084,1.09882506820226,-0.558186577500038,-0.0147440688217111,0.626988445558514,-0.649673649920602,-1.63309985437061,0.663039919336667,0.633795773193793,-1.66727578238901
321,-0.0498878197490936,-0.124921693789666,-0.539479571037132,1.07336015421957,-0.533880583182428,0.124921693789671,0.0810118741505087,0.00519933911853215,-0.539736871414212,1.09908071769627,-0.559343846281939,-0.00519933911852208,0.623268096456465,-0.650571214183609,-1.62972105319653,0.666387678141632,0.632169397090692,-1.6703682414547
322,-0.0473824523571322,-0.134177736640293,-0.53854071440976,1.06925420158816,-0.530713487178394,0.134177736640297,0.0835172415424661,-0.00420636277773606,-0.538686453230994,1.09903147405873,-0.560345020827617,0.00420636277774524,0.619581362134485,-0.651404867544425,-1.62637258512505,0.669674389068258,0.630514976510227,-1.67339981857675
323,-0.0449157043304485,-0.14326050651326,-0.537449659304706,1.06490819048204,-0.527458531177331,0.143260506513266,0.0859839895691505,-0.0134546526116317,-0.537496801155992,1.09869144397506,-0.561194642818947,0.0134546526116456,0.615935489072127,-0.652175953363503,-1.62306121593854,0.67289532211463,0.628837632745971,-1.67636604523858
324,-0.0424915779774416,-0.152154397160984,-0.536215647591284,1.06034326599541,-0.524127618404122,0.152154397160989,0.0884081159221543,-0.0225285121169621,-0.536178214978112,1.09807637698175,-0.561898162003508,0.0225285121169733,0.612337407336424,-0.652886157372573,-1.61979341195262,0.676046219722745,0.627142649419117,-1.67926292603649
325,-0.0401137868029394,-0.160845277640545,-0.534848730676078,1.05558170451813,-0.520732973842049,0.160845277640549,0.0907859070966505,-0.0314123249388511,-0.534741590557326,1.09720341505032,-0.562461824492856,0.0314123249388608,0.608793703921458,-0.653537455697958,-1.61657531547661,0.679123282192514,0.625435422470443,-1.68208692601783
326,-0.037785754880515,-0.169320486255245,-0.533359638873133,1.05064667356069,-0.517287034687546,0.16932048625525,0.0931139390190794,-0.0400918932932253,-0.533198284790286,1.09609084481697,-0.56289256002655,0.0400918932932353,0.605310601387098,-0.654132065190384,-1.61341272491933,0.682123148931971,0.623721409890342,-1.68483495409163
327,-0.035510618647193,-0.177568809968682,-0.531759651981182,1.04556199772575,-0.513802345744561,0.177568809968684,0.0953890752523976,-0.0485544390053179,-0.531559985650419,1.09475785580829,-0.563197870157747,0.0485544390053241,0.601893940851498,-0.654672396873056,-1.61031107868973,0.685042877161521,0.622006081747079,-1.68750434391986
328,-0.0332912303620054,-0.185580452744565,-0.530060472320432,1.04035193217811,-0.510291459857681,0.185580452744566,0.0976084635375376,-0.0567885920823337,-0.52983858825241,1.09322430710375,-0.563385718851274,0.056788592082325,0.598549168535786,-0.655161013007228,-1.60727544219122,0.687879919399425,0.620294871056139,-1.69009283342508
329,-0.0311301626034637,-0.193346995753267,-0.528274101145057,1.0350409444699,-0.50676684332484,0.19334699575327,0.099769531296116,-0.0647843695494233,-0.528046077543824,1.09151050415631,-0.563464426612364,0.064784369549436,0.595281325176252,-0.655600588023973,-1.60431049733097,0.690632100805069,0.618593126006422,-1.69259854381928
330,-0.0290297132953455,-0.200861351932557,-0.526412719087185,1.02965350521352,-0.503240786126329,0.200861351932559,0.101869980604228,-0.0725331469005763,-0.526194417963982,1.08963698693555,-0.563442568971436,0.0725331469005803,0.592095037717474,-0.655993873376319,-1.60142053406746,0.693297597238866,0.616906064023859,-1.6950199588638
331,-0.0269919108492175,-0.208117716986102,-0.524488571092292,1.02421388784294,-0.49972531675064,0.208117716986105,0.103907783050356,-0.0800276241768356,-0.52429545021665,1.08762433013566,-0.563328879918878,0.0800276241768431,0.588994512785022,-0.656343666219186,-1.59860944360515,0.695874914706977,0.61523872811018,-1.69735590490475
332,-0.0250185191000342,-0.215111518541614,-0.522513856169783,1.01874597755287,-0.496232121383082,0.215111518541617,0.105881174799542,-0.0872617883768951,-0.522360795171499,1.08549295588293,-0.563132160711255,0.087261788376905,0.585983531514527,-0.656652781722287,-1.59588071292058,0.698362870690608,0.613595945847096,-1.6996055320873
333,-0.0231110417903346,-0.221839364863484,-0.520500622193994,1.01327308943862,-0.492772467244619,0.221839364863487,0.10778865210924,-0.0942308736214268,-0.520401764825465,1.08326295916356,-0.562861194337944,0.094230873621431,0.583065445386952,-0.656924028751625,-1.59323742036987,0.700760577710056,0.611982291406128,-1.70176829703147
334,-0.0212707264315979,-0.228298994217861,-0.518460665946833,1.00781779586765,-0.489357129920805,0.228298994217865,0.109628967467974,-0.10093132022945,-0.518429280213782,1.08095394605703,-0.562524665843099,0.100931320229454,0.580243172792832,-0.657160188618301,-1.59068223218916,0.703067429338725,0.61040205085222,-1.70384394714782
335,-0.0194985674404179,-0.234489225714433,-0.516405438584794,1.002401763184,-0.485996324599195,0.234489225714437,0.111401126459153,-0.107360733615757,-0.516453796152604,1.07858488478769,-0.562131088634943,0.10736073361576,0.577519196121123,-0.657363996578326,-1.58821739975746,0.705283088759683,0.608859190979052,-1.70583250667913
336,-0.0177953085132653,-0.240409912194463,-0.514345956736216,0.997045597970534,-0.482699641234307,0.240409912194466,0.113104385386301,-0.113517843680096,-0.514485232715275,1.07617396958765,-0.561688736872214,0.113517843680104,0.57489555924441,-0.657538125772409,-1.58584475754918,0.707407479844884,0.607357331866801,-1.70773426447318
337,-0.0161614442689232,-0.246061895492736,-0.512292719483012,0.991768703261384,-0.479475983778362,0.246061895492739,0.114738249630639,-0.119402465125682,-0.512532913386793,1.07373849738493,-0.561205583997967,0.119402465125687,0.572373865351876,-0.657685173313542,-1.58356572176255,0.709440780631662,0.605899723310832,-1.70954976341598
338,-0.0145972212527993,-0.251446964166893,-0.510255631550747,0.986589145301611,-0.476333513750856,0.251446964166895,0.116302472646765,-0.125015458912762,-0.510605509902035,1.07129475738667,-0.560689247484485,0.125015458912761,0.569955275166855,-0.65780764825975,-1.58138128967222,0.711383418971802,0.604489225235296,-1.71127979138512
339,-0.0131026384638901,-0.25656781355498,-0.508243933118257,0.981523531686375,-0.473279598568109,0.256567813554981,0.117797055435668,-0.130358694816975,-0.508710993849818,1.06885793370954,-0.560146939859574,0.130358694816978,0.567640505677436,-0.657907961245489,-1.57929203982219,0.7132360700323,0.603128292180759,-1.71292537351415
340,-0.0116774476341884,-0.261428007784778,-0.506266136758927,0.976586901973002,-0.470320765214063,0.261428007784778,0.119222246265366,-0.135435014816468,-0.506856595214201,1.06644202131531,-0.559585426100913,0.135435014816475,0.56542982960842,-0.657988415584581,-1.57729813324989,0.714999655232765,0.601818961941864,-1.71448776549033
341,-0.010321153563088,-0.266031943109637,-0.504329972139114,0.971792632144399,-0.467462660005275,0.266031943109639,0.120578540336468,-0.140248196769931,-0.505048768126088,1.0640597556346,-0.559010987508334,0.140248196769932,0.563323075972403,-0.65805119969804,-1.57539931601676,0.71667534210986,0.600562848432956,-1.71596844753661
342,-0.00903301488755822,-0.270384811677487,-0.502442339223364,0.967152354610406,-0.464710015387029,0.270384811677489,0.121866679011993,-0.144802917562816,-0.503293164211965,1.06172255640695,-0.5584293921948,0.144802917562818,0.561319632158719,-0.658098380758628,-1.57359492341748,0.718264544501948,0.599361138878465,-1.71736911865219
343,-0.00781204575419261,-0.27449256454412,-0.500609270871743,0.962675895767897,-0.462066624896143,0.274492564544123,0.123087648145357,-0.149104714582581,-0.501594614053999,1.05944048642964,-0.557845872375457,0.149104714582584,0.559418448154298,-0.658131899479258,-1.57188388635132,0.719768922344739,0.598214595464273,-1.71869169060124
344,-0.0066570189537674,-0.278361872409321,-0.498835905863432,0.958371233507092,-0.459535327643649,0.278361872409323,0.124242674945784,-0.153159944026914,-0.499957117419083,1.05722222609699,-0.557265108677751,0.153159944026913,0.557618043642957,-0.658153566002128,-1.57026474046957,0.721190380258203,0.597123561648982,-1.71993828104379
345,-0.00556647118601814,-0.282000082174094,-0.49712647354799,0.954244477461162,-0.457118003913161,0.282000082174096,0.125333222713531,-0.15697573414041,-0.498383843079073,1.0550750648303,-0.556691221751045,0.156975734140414,0.555916518903717,-0.658165056869703,-1.56873563886565,0.722531063982083,0.596087973424061,-1.72111120509317
346,-0.00453871124459286,-0.285415166977435,-0.495484291516687,0.950299875264454,-0.454815583747752,0.285415166977436,0.126360982654955,-0.160559931003113,-0.496877139235508,1.05300491075694,-0.556127771521251,0.160559931003112,0.554311570629145,-0.658167913075618,-1.56729436925451,0.723793353578059,0.595107375932495,-1.72221296445574
347,-0.00357183205463649,-0.288615666857619,-0.493911777912357,0.946539848633919,-0.45262807072155,0.288615666857621,0.12732786184491,-0.163921033944141,-0.49543855578915,1.0510163203075,-0.555577764518161,0.163921033944142,0.552800514018355,-0.65816353920464,-1.56593837680154,0.724979852154863,0.594180946011886,-1.72324623315785
348,-0.00266372766267965,-0.291610616580895,-0.492410480268728,0.942965063745971,-0.450554583477229,0.291610616580896,0.128235966236863,-0.167068117009499,-0.494068879967424,1.04911254977853,-0.555043669810916,0.1670681170095,0.551380312773213,-0.65815320367565,-1.56466479401482,0.726093368681927,0.593307521424048,-1.72421383868558
349,-0.00181211647551176,-0.294409456478543,-0.490981123103276,0.939574541175277,-0.448593418071989,0.294409456478545,0.129087577424031,-0.170010732163414,-0.492768187152383,1.04729563137236,-0.554527444219791,0.170010732163414,0.550047618947894,-0.658138040102713,-1.56347047941289,0.72713689323163,0.592485637772239,-1.72511873715141
350,-0.00101457225543101,-0.297021921397724,-0.489623676854822,0.936365811529784,-0.446742134674946,0.297021921397726,0.129885121644112,-0.172758789116598,-0.491535909113011,1.04556647674153,-0.554030567628324,0.172758789116599,0.54879882494655,-0.658119049795317,-1.56235206699954,0.728113562747745,0.591713574362331,-1.72596398087814
351,-0.00026856433832037,-0.299457903115755,-0.488337450624381,0.933335122612774,-0.444997671988379,0.299457903115756,0.130631129561219,-0.175322406920248,-0.490370921767159,1.04392501096094,-0.553554089193588,0.175322406920248,0.547630129917826,-0.658097105509692,-1.56130602850008,0.729026615495654,0.590989410142489,-1.72675267686547
352,0.000428495017502123,-0.301727295074658,-0.48712120383901,0.930477686956564,-0.443356483117543,0.301727295074659,0.131328188917042,-0.177711746686347,-0.489271648189458,1.0423703306689,-0.553098682479246,0.177711746686346,0.546537617279812,-0.658072957639268,-1.56032874478669,0.729879336611943,0.590311085600528,-1.72748793877225
353,0.00107920754145643,-0.303839860842622,-0.485973253274804,0.927787915539,-0.441814662264184,0.303839860842624,0.131978901440997,-0.179936869136164,-0.488236156135668,1.04090085634003,-0.552664700204164,0.179936869136166,0.545517325590189,-0.658047245150287,-1.55941656913669,0.730675008396116,0.589676454833567,-1.72817284533084
354,0.00168615452460761,-0.305805134285832,-0.484891567963181,0.925259621032849,-0.440368053069652,0.305805134285833,0.132585848424146,-0.182007625549411,-0.487262243248983,1.03951446825786,-0.552252225008676,0.182007625549409,0.544565305644769,-0.658020507348586,-1.55856587761128,0.731416870944882,0.589083327890815,-1.72881040846382
355,0.00225187020024618,-0.307632346278408,-0.483873851938313,0.922886191637139,-0.439012339698812,0.307632346278408,0.133151564099782,-0.18393357680623,-0.486347510198534,1.03820862572272,-0.551861115523976,0.183933576806228,0.543677665055798,-0.657993195217434,-1.55777310815007,0.732108092096676,0.58852950514749,-1.72940354967531
356,0.00277882155337614,-0.309330372770644,-0.482917615595828,0.920660738223992,-0.437743122628151,0.309330372770645,0.133678515452911,-0.185723935155622,-0.485489422788745,1.03698047034753,-0.551491047558584,0.18572393515562,0.542850602447917,-0.65796568210753,-1.55703479032368,0.732751744974559,0.588012804800407,-1.72995508311482
357,0.00326939339030729,-0.310907699888011,-0.482020236600255,0.918576217632157,-0.436555981031886,0.310907699888013,0.134169087289843,-0.187387524202135,-0.484685364156473,1.03582691461454,-0.551141550457867,0.187387524202134,0.542080433103815,-0.657938273640804,-1.55634756741409,0.733350791695075,0.587531084505545,-1.73046770397899
358,0.00372587769028876,-0.312372402515882,-0.481179011329364,0.916625534839465,-0.435446523510088,0.312372402515882,0.134625571589824,-0.188932753399367,-0.483932678159615,1.03474471700087,-0.550812038841057,0.188932753399366,0.541363607606856,-0.657911216763222,-1.55570821222954,0.733908072057118,0.587082258060845,-1.73094398115755
359,0.0041504664260432,-0.313732133477433,-0.480391197847837,0.914801626591617,-0.43441042874378,0.313732133477434,0.135050160325617,-0.190367604007245,-0.483228705014069,1.03373054502796,-0.550501840013879,0.190367604007223,0.54069672477718,-0.657884707927614,-1.55511363783217,0.73442629623456,0.586664307931131,-1.73138635323106
360,0.00454524717755936,-0.314994120950969,-0.479654051375726,0.913097528880692,-0.433443477504961,0.31499412095097,0.13544494107713,-0.191699624024994,-0.482570810169864,1.03278102757817,-0.550210217408295,0.191699624024995,0.540076539986109,-0.657858900420323,-1.55456090416327,0.734908040669007,0.586275294312045,-1.73179712709352
361,0.00491220097872618,-0.316165172216761,-0.478964853169101,0.911506430466368,-0.432541577297267,0.316165172216761,0.135811894878298,-0.192935930071488,-0.481956407339811,1.03189279776932,-0.549936390429503,0.192935930071489,0.539499969754443,-0.657833910867368,-1.55404722138697,0.735355746501257,0.585913361337163,-1.73217847860844
362,0.00525320193264406,-0.317251682188665,-0.478320933667946,0.910021714427232,-0.431700780759283,0.317251682188667,0.136152895832219,-0.194083214564731,-0.481382976510942,1.03106252759985,-0.549679551088907,0.194083214564729,0.538964093388813,-0.657809824969778,-1.55356995063422,0.735771719997665,0.585576740948296,-1.73253245481833
363,0.00557001821191736,-0.318259645485714,-0.477719690697202,0.908636989524467,-0.430917298827263,0.318259645485713,0.13646971211149,-0.19514775686599,-0.480848077685065,1.03028695548283,-0.549438877797766,0.19514775686599,0.538466152282702,-0.657786702526246,-1.55312660271206,0.736158134524761,0.585263754873408,-1.73286097731928
364,0.00586431412758743,-0.31919467104473,-0.477158603433286,0.907346112963231,-0.430187509529941,0.31919467104473,0.13676400802716,-0.19613543731263,-0.480349361012352,1.02956290768588,-0.549213546673524,0.196135437312631,0.538003547400869,-0.657764581804838,-1.55271483524441,0.736517033705917,0.584972815089226,-1.73316584648703
365,0.00613765300677373,-0.320061998476589,-0.476635242775317,0.906143205949505,-0.429507963174184,0.320061998476588,0.137037346906348,-0.197051753276349,-0.479884573903414,1.0288873145902,-0.549002740686782,0.197051753276349,0.537573835375426,-0.657743483326682,-1.55233244862756,0.736850335460836,0.5847024230868,-1.73344874630284
366,0.00639150066615347,-0.320866515533195,-0.476147278688808,0.905022663266315,-0.428875384577503,0.320866515533195,0.137291194565728,-0.197901836558096,-0.479451565632007,1.0282572225805,-0.548805656948489,0.197901836558096,0.537174723565339,-0.657723413122706,-1.55197738111405,0.737159836683817,0.584451168206412,-1.73371124957756
367,0.00662722930776909,-0.321612776186714,-0.475692485022268,0.903979157933487,-0.428286672911218,0.321612776186711,0.137526923207342,-0.19869047157414,-0.479048289873232,1.02766980228098,-0.548621512407747,0.198690471574138,0.536804064367394,-0.657704365522349,-1.55164770328012,0.737447218362995,0.584217725263901,-1.73395482341412
368,0.00684612169652954,-0.322305018931848,-0.475268742233811,0.903007641869711,-0.427738899635901,0.322305018931847,0.137745815596102,-0.199422113904539,-0.478672805560748,1.02712235376206,-0.548449548201306,0.19942211390454,0.536459849012745,-0.657686325528842,-1.55134161208332,0.737714050980826,0.584000851651917,-1.73418083478208
369,0.00704937550615028,-0.322947185010804,-0.474874038407402,0.902103343345582,-0.427229304938177,0.322947185010804,0.137949069405724,-0.200100908870803,-0.478323276391843,1.02661230925985,-0.548289032867997,0.200100908870801,0.536140201038456,-0.657669270831879,-1.55105742467618,0.737961800067784,0.583799384066858,-1.73439055610576
370,0.00723810774297931,-0.323542936332415,-0.474506468885723,0.901261761899954,-0.426755293014226,0.323542936332414,0.138137801642557,-0.200730709886969,-0.477997969260277,1.026137233875,-0.548139264614725,0.200730709886969,0.535843369585943,-0.657653173503779,-1.55079357210808,0.738191831807502,0.583612234984449,-1.73458517078997
371,0.00741335917618926,-0.324095672915038,-0.474164234799643,0.900478661289302,-0.426314426489656,0.324095672915038,0.138313053075763,-0.20131509639131,-0.47769525185366,1.02569482465044,-0.547999572796779,0.201315096391311,0.535567722647057,-0.657638001420865,-1.55054859301952,0.738405418613355,0.583438388983298,-1.7347657786255
372,0.00757609871829264,-0.324608549729394,-0.473845640732546,0.899750060949731,-0.425904420217182,0.324608549729392,0.138475792617867,-0.201857391216486,-0.477413589614655,1.02528290836755,-0.547869318752883,0.201857391216485,0.535311740352766,-0.657623719447429,-1.55032112740985,0.738603744614349,0.583276898996022,-1.73493340103167
373,0.00772722771302782,-0.325084492854869,-0.473549091720782,0.899072226372488,-0.425523134651703,0.325084492854868,0.138626921612601,-0.20236067729689,-0.477151542232293,1.02489943834778,-0.54774789611548,0.202360677296888,0.535074008377835,-0.657610290415431,-1.55010991054061,0.738787911002939,0.583126882550979,-1.73508898610496
374,0.00786758409814748,-0.325526214892553,-0.473273089759172,0.898441658725855,-0.425168568966681,0.325526214892552,0.138767277997721,-0.202827813644478,-0.47690775980134,1.02454249050067,-0.547634730699324,0.202827813644479,0.534853211517463,-0.657597675929242,-1.54991376702076,0.738958941209571,0.582987518053832,-1.73523341345256
375,0.00799794641939277,-0.325936229601675,-0.473016229952408,0.897855083997433,-0.424838854045023,0.325936229601675,0.138897640318968,-0.203261450550314,-0.476680978763341,1.02421025881921,-0.547529280055868,0.203261450550313,0.534648127477279,-0.657585837021212,-1.54973160510789,0.739117785878546,0.582858041146776,-1.7353674987972
376,0.00811903767900252,-0.326316865744561,-0.472777196428872,0.897309441880505,-0.42453224545163,0.326316865744558,0.139018731578577,-0.20366404398947,-0.476470017722027,1.02390105048887,-0.547431032766843,0.203664043989469,0.534457620906308,-0.657574734680524,-1.54956241124858,0.739265327627889,0.582737741173923,-1.7354919983459
377,0.00823152900785417,-0.326670280139452,-0.472554758112402,0.896801874585165,-0.424247116472762,0.326670280139452,0.139131222907427,-0.204037869222937,-0.476273773208019,1.02361328074724,-0.547339507539222,0.204037869222938,0.534280637692923,-0.65756433027487,-1.54940524487325,0.739402385582362,0.582625957773547,-1.73560761291995
378,0.00833604315492804,-0.32699846993151,-0.472347764429666,0.896329715718528,-0.423981951288861,0.326998469931509,0.139235737054504,-0.204385033602441,-0.476091215452671,1.0233454676055,-0.547254252152828,0.20438503360244,0.534116199536176,-0.657554585881956,-1.54925923345403,0.739529719674018,0.582522077611735,-1.73571499184732
379,0.00843315779144151,-0.327303284100408,-0.472155141015645,0.895890479347492,-0.423735338331842,0.327303284100408,0.139332851691015,-0.204707488593446,-0.475921384218471,1.02309622652184,-0.547174842303362,0.204707488593446,0.533963398798533,-0.657545464545391,-1.5491235678288,0.739648034708676,0.582425531266852,-1.73581473662121
380,0.00852340862993885,-0.327586434229106,-0.471975885466666,0.895481849331719,-0.423505963865047,0.327586434229106,0.139423102529516,-0.205007041038611,-0.475763384722372,1.02286426509834,-0.547100880375957,0.205007041038612,0.533821393641381,-0.657536930467534,-1.5489974977906,0.739757984200177,0.582335790270314,-1.73590740433122
381,0.00860729236087381,-0.32784950456252,-0.471809063179722,0.89510166899307,-0.423292605813343,0.32784950456252,0.139506986260448,-0.205285363688937,-0.47561638368001,1.02264837785782,-0.547031994177807,0.205285363688936,0.53368940344064,-0.657528949150016,-1.54888032793829,0.739860173976533,0.582252364305704,-1.73599351087448
382,0.00868526941086084,-0.328093961387777,-0.471653803307681,0.89474793116969,-0.423094127862006,0.328093961387776,0.139584963310434,-0.205544005033385,-0.475479605491178,1.0224474411442,-0.546967835653026,0.205544005033385,0.533566704477067,-0.65752148749121,-1.54877141378211,0.739955165564154,0.582174798566044,-1.73607353395573
383,0.00875776652820048,-0.328321161769459,-0.471509294852419,0.894418768688327,-0.422909473835909,0.328321161769459,0.139657460427772,-0.205784398459988,-0.475352328581004,1.02226040817922,-0.546908079598216,0.205784398459987,0.533452625893383,-0.657514513848273,-1.54867015809559,0.740043479357647,0.58210267126685,-1.73614791588594
384,0.00882517920210491,-0.328532361674178,-0.471374782911621,0.894112445276427,-0.422737662364802,0.328532361674177,0.13972487310168,-0.206007870782715,-0.475233881906273,1.02208630429973,-0.546852422393443,0.206007870782716,0.533346545909019,-0.657507998070556,-1.54857600750457,0.740125597583819,0.582035591311232,-1.73621706618933
385,0.00888787392273048,-0.32872872351899,-0.471249565090025,0.893827346925731,-0.422577781835703,0.328728723518989,0.139787567822304,-0.206215650168967,-0.47512364163247,1.02192422239218,-0.546800580759703,0.206215650168968,0.533247888281803,-0.65750191150983,-1.54848844930259,0.740201967068935,0.581973196102192,-1.73628136402912
386,0.00894619028959363,-0.328911323177916,-0.471132988081309,0.893561973711205,-0.422428985629893,0.328911323177915,0.139845884189165,-0.206408873502373,-0.47502102798358,1.02177331853539,-0.546752290551806,0.206408873502371,0.5331561190054,-0.657496227012006,-1.54840700848181,0.740273001819047,0.5819151494964,-1.73634116046217
